   Step        X1        X2        X3        X4        X5         X6        X7        X8        X9
1     0 0.0000000 0.0000000 0.0000000 0.0000000 0.0000000 0.00000000 0.0000000 0.0000000 0.0000000
2     0 0.0000000 0.0000000 0.0000000 0.0000000 0.0000000 0.00000000 0.0000000 0.0000000 0.0000000
3     0 0.0000000 0.0000000 0.0000000 0.0000000 0.0000000 0.00000000 0.0000000 0.0000000 0.0000000
4     0 0.0000000 0.0000000 0.0000000 0.0000000 0.0000000 0.00000000 0.0000000 0.0000000 0.0000000
5     0 0.0000000 0.0000000 0.0000000 0.0000000 0.0000000 0.00000000 0.0000000 0.0000000 0.0000000
6     0 0.0000000 0.0000000 0.0000000 0.0000000 0.0000000 0.00000000 0.0000000 0.0000000 0.0000000
7     0 0.0000000 0.0000000 0.0000000 0.0000000 0.0000000 0.00000000 0.0000000 0.0000000 0.0000000
8     0 0.0000000 0.0000000 0.0000000 0.0000000 0.0000000 0.00000000 0.0000000 0.0000000 0.0000000
9     0 0.0000000 0.0000000 0.0000000 0.0000000 0.0000000 0.00000000 0.0000000 0.0000000 0.0000000
10    0 0.0000000 0.0000000 0.0000000 0.0000000 0.0000000 0.00000000 0.0000000 0.0000000 0.0000000
11    0 1.0000000 1.0000000 1.0000000 1.0000000 1.0000000 1.00000000 1.0000000 1.0000000 1.0000000
12    0 1.0000000 1.0000000 1.0000000 1.0000000 1.0000000 1.00000000 1.0000000 1.0000000 1.0000000
13    0 1.0000000 1.0000000 1.0000000 1.0000000 1.0000000 1.00000000 1.0000000 1.0000000 1.0000000
14    0 1.0000000 1.0000000 1.0000000 1.0000000 1.0000000 1.00000000 1.0000000 1.0000000 1.0000000
15    0 1.0000000 1.0000000 1.0000000 1.0000000 1.0000000 1.00000000 1.0000000 1.0000000 1.0000000
16    0 1.0000000 1.0000000 1.0000000 1.0000000 1.0000000 1.00000000 1.0000000 1.0000000 1.0000000
17    0 1.0000000 1.0000000 1.0000000 1.0000000 1.0000000 1.00000000 1.0000000 1.0000000 1.0000000
18    0 1.0000000 1.0000000 1.0000000 1.0000000 1.0000000 1.00000000 1.0000000 1.0000000 1.0000000
19    0 1.0000000 1.0000000 1.0000000 1.0000000 1.0000000 1.00000000 1.0000000 1.0000000 1.0000000
20    0 1.0000000 1.0000000 1.0000000 1.0000000 1.0000000 1.00000000 1.0000000 1.0000000 1.0000000
21    1 0.1744545 0.4757888 0.7244812 0.8761027 0.3775037 0.64093620 0.6546772 0.5062158 0.3033477
22    1 0.0000000 0.0000000 0.0000000 0.0000000 0.0000000 0.00000000 0.0000000 0.0000000 0.0000000
23    1 0.0000000 0.0000000 0.0000000 0.0000000 0.0000000 0.00000000 0.0000000 0.0000000 0.0000000
24    1 0.0000000 0.0000000 0.0000000 0.0000000 0.0000000 0.00000000 0.0000000 0.0000000 0.0000000
25    1 0.0000000 0.0000000 0.0000000 0.0000000 0.0000000 0.00000000 0.0000000 0.0000000 0.0000000
26    1 0.0000000 0.0000000 0.0000000 0.0000000 0.0000000 0.00000000 0.0000000 0.0000000 0.0000000
27    1 0.0000000 0.0000000 0.0000000 0.0000000 0.0000000 0.00000000 0.0000000 0.0000000 0.0000000
28    1 0.0000000 0.0000000 0.0000000 0.0000000 0.0000000 0.00000000 0.0000000 0.0000000 0.0000000
29    1 0.0000000 0.0000000 0.0000000 0.0000000 0.0000000 0.00000000 0.0000000 0.0000000 0.0000000
30    1 0.0000000 0.0000000 0.0000000 0.0000000 0.0000000 0.00000000 0.0000000 0.0000000 0.0000000
31    1 1.0000000 1.0000000 1.0000000 1.0000000 1.0000000 1.00000000 1.0000000 1.0000000 1.0000000
32    1 1.0000000 1.0000000 1.0000000 1.0000000 1.0000000 1.00000000 1.0000000 1.0000000 1.0000000
33    1 1.0000000 1.0000000 1.0000000 1.0000000 1.0000000 1.00000000 1.0000000 1.0000000 1.0000000
34    1 1.0000000 1.0000000 1.0000000 1.0000000 1.0000000 1.00000000 1.0000000 1.0000000 1.0000000
35    1 1.0000000 1.0000000 1.0000000 1.0000000 1.0000000 1.00000000 1.0000000 1.0000000 1.0000000
36    1 1.0000000 1.0000000 1.0000000 1.0000000 1.0000000 1.00000000 1.0000000 1.0000000 1.0000000
37    1 1.0000000 1.0000000 1.0000000 1.0000000 1.0000000 1.00000000 1.0000000 1.0000000 1.0000000
38    1 1.0000000 1.0000000 1.0000000 1.0000000 1.0000000 1.00000000 1.0000000 1.0000000 1.0000000
39    1 1.0000000 1.0000000 1.0000000 1.0000000 1.0000000 1.00000000 1.0000000 1.0000000 1.0000000
40    1 1.0000000 1.0000000 1.0000000 1.0000000 1.0000000 1.00000000 1.0000000 1.0000000 1.0000000
41    2 0.1744545 0.4757888 0.7244812 0.8761027 0.3775037 0.64093620 0.6546772 0.5062158 0.3033477
42    2 0.0000000 0.0000000 0.0000000 0.0000000 0.0000000 0.00000000 0.0000000 0.0000000 0.0000000
43    2 0.0000000 0.0000000 0.0000000 0.0000000 0.0000000 0.00000000 0.0000000 0.0000000 0.0000000
44    2 0.0000000 0.0000000 0.0000000 0.0000000 0.0000000 0.00000000 0.0000000 0.0000000 0.0000000
45    2 0.0000000 0.0000000 0.0000000 0.0000000 0.0000000 0.00000000 0.0000000 0.0000000 0.0000000
46    2 0.0000000 0.0000000 0.0000000 0.0000000 0.0000000 0.00000000 0.0000000 0.0000000 0.0000000
47    2 0.0000000 0.0000000 0.0000000 0.0000000 0.0000000 0.00000000 0.0000000 0.0000000 0.0000000
48    2 0.0000000 0.0000000 0.0000000 0.0000000 0.0000000 0.00000000 0.0000000 0.0000000 0.0000000
49    2 0.0000000 0.0000000 0.0000000 0.0000000 0.0000000 0.00000000 0.0000000 0.0000000 0.0000000
50    2 0.0000000 0.0000000 0.0000000 0.0000000 0.0000000 0.00000000 0.0000000 0.0000000 0.0000000
51    2 0.2353651 0.8260117 0.3139529 0.3870188 0.5313493 0.91646644 0.8807203 0.7078493 0.1793028
52    2 1.0000000 1.0000000 1.0000000 1.0000000 1.0000000 1.00000000 1.0000000 1.0000000 1.0000000
53    2 1.0000000 1.0000000 1.0000000 1.0000000 1.0000000 1.00000000 1.0000000 1.0000000 1.0000000
54    2 1.0000000 1.0000000 1.0000000 1.0000000 1.0000000 1.00000000 1.0000000 1.0000000 1.0000000
55    2 1.0000000 1.0000000 1.0000000 1.0000000 1.0000000 1.00000000 1.0000000 1.0000000 1.0000000
56    2 1.0000000 1.0000000 1.0000000 1.0000000 1.0000000 1.00000000 1.0000000 1.0000000 1.0000000
57    2 1.0000000 1.0000000 1.0000000 1.0000000 1.0000000 1.00000000 1.0000000 1.0000000 1.0000000
58    2 1.0000000 1.0000000 1.0000000 1.0000000 1.0000000 1.00000000 1.0000000 1.0000000 1.0000000
59    2 1.0000000 1.0000000 1.0000000 1.0000000 1.0000000 1.00000000 1.0000000 1.0000000 1.0000000
60    2 1.0000000 1.0000000 1.0000000 1.0000000 1.0000000 1.00000000 1.0000000 1.0000000 1.0000000
61    3 0.1744545 0.4757888 0.7244812 0.8761027 0.3775037 0.64093620 0.6546772 0.5062158 0.3033477
62    3 0.7040542 0.7437714 0.7358348 0.5462291 0.5986186 0.03064238 0.4133489 0.6914345 0.5227845
63    3 0.0000000 0.0000000 0.0000000 0.0000000 0.0000000 0.00000000 0.0000000 0.0000000 0.0000000
64    3 0.0000000 0.0000000 0.0000000 0.0000000 0.0000000 0.00000000 0.0000000 0.0000000 0.0000000
65    3 0.0000000 0.0000000 0.0000000 0.0000000 0.0000000 0.00000000 0.0000000 0.0000000 0.0000000
66    3 0.0000000 0.0000000 0.0000000 0.0000000 0.0000000 0.00000000 0.0000000 0.0000000 0.0000000
67    3 0.0000000 0.0000000 0.0000000 0.0000000 0.0000000 0.00000000 0.0000000 0.0000000 0.0000000
68    3 0.0000000 0.0000000 0.0000000 0.0000000 0.0000000 0.00000000 0.0000000 0.0000000 0.0000000
69    3 0.0000000 0.0000000 0.0000000 0.0000000 0.0000000 0.00000000 0.0000000 0.0000000 0.0000000
70    3 0.0000000 0.0000000 0.0000000 0.0000000 0.0000000 0.00000000 0.0000000 0.0000000 0.0000000
71    3 0.2353651 0.8260117 0.3139529 0.3870188 0.5313493 0.91646644 0.8807203 0.7078493 0.1793028
72    3 1.0000000 1.0000000 1.0000000 1.0000000 1.0000000 1.00000000 1.0000000 1.0000000 1.0000000
73    3 1.0000000 1.0000000 1.0000000 1.0000000 1.0000000 1.00000000 1.0000000 1.0000000 1.0000000
74    3 1.0000000 1.0000000 1.0000000 1.0000000 1.0000000 1.00000000 1.0000000 1.0000000 1.0000000
75    3 1.0000000 1.0000000 1.0000000 1.0000000 1.0000000 1.00000000 1.0000000 1.0000000 1.0000000
76    3 1.0000000 1.0000000 1.0000000 1.0000000 1.0000000 1.00000000 1.0000000 1.0000000 1.0000000
77    3 1.0000000 1.0000000 1.0000000 1.0000000 1.0000000 1.00000000 1.0000000 1.0000000 1.0000000
78    3 1.0000000 1.0000000 1.0000000 1.0000000 1.0000000 1.00000000 1.0000000 1.0000000 1.0000000
79    3 1.0000000 1.0000000 1.0000000 1.0000000 1.0000000 1.00000000 1.0000000 1.0000000 1.0000000
80    3 1.0000000 1.0000000 1.0000000 1.0000000 1.0000000 1.00000000 1.0000000 1.0000000 1.0000000
81    4 0.1744545 0.4757888 0.7244812 0.8761027 0.3775037 0.64093620 0.6546772 0.5062158 0.3033477
82    4 0.7040542 0.7437714 0.7358348 0.5462291 0.5986186 0.03064238 0.4133489 0.6914345 0.5227845
83    4 0.0000000 0.0000000 0.0000000 0.0000000 0.0000000 0.00000000 0.0000000 0.0000000 0.0000000
84    4 0.0000000 0.0000000 0.0000000 0.0000000 0.0000000 0.00000000 0.0000000 0.0000000 0.0000000
85    4 0.0000000 0.0000000 0.0000000 0.0000000 0.0000000 0.00000000 0.0000000 0.0000000 0.0000000
86    4 0.0000000 0.0000000 0.0000000 0.0000000 0.0000000 0.00000000 0.0000000 0.0000000 0.0000000
87    4 0.0000000 0.0000000 0.0000000 0.0000000 0.0000000 0.00000000 0.0000000 0.0000000 0.0000000
88    4 0.0000000 0.0000000 0.0000000 0.0000000 0.0000000 0.00000000 0.0000000 0.0000000 0.0000000
89    4 0.0000000 0.0000000 0.0000000 0.0000000 0.0000000 0.00000000 0.0000000 0.0000000 0.0000000
90    4 0.0000000 0.0000000 0.0000000 0.0000000 0.0000000 0.00000000 0.0000000 0.0000000 0.0000000
         X10
1  0.0000000
2  0.0000000
3  0.0000000
4  0.0000000
5  0.0000000
6  0.0000000
7  0.0000000
8  0.0000000
9  0.0000000
10 0.0000000
11 1.0000000
12 1.0000000
13 1.0000000
14 1.0000000
15 1.0000000
16 1.0000000
17 1.0000000
18 1.0000000
19 1.0000000
20 1.0000000
21 0.7162497
22 0.0000000
23 0.0000000
24 0.0000000
25 0.0000000
26 0.0000000
27 0.0000000
28 0.0000000
29 0.0000000
30 0.0000000
31 1.0000000
32 1.0000000
33 1.0000000
34 1.0000000
35 1.0000000
36 1.0000000
37 1.0000000
38 1.0000000
39 1.0000000
40 1.0000000
41 0.7162497
42 0.0000000
43 0.0000000
44 0.0000000
45 0.0000000
46 0.0000000
47 0.0000000
48 0.0000000
49 0.0000000
50 0.0000000
51 0.3363548
52 1.0000000
53 1.0000000
54 1.0000000
55 1.0000000
56 1.0000000
57 1.0000000
58 1.0000000
59 1.0000000
60 1.0000000
61 0.7162497
62 0.1773288
63 0.0000000
64 0.0000000
65 0.0000000
66 0.0000000
67 0.0000000
68 0.0000000
69 0.0000000
70 0.0000000
71 0.3363548
72 1.0000000
73 1.0000000
74 1.0000000
75 1.0000000
76 1.0000000
77 1.0000000
78 1.0000000
79 1.0000000
80 1.0000000
81 0.7162497
82 0.1773288
83 0.0000000
84 0.0000000
85 0.0000000
86 0.0000000
87 0.0000000
88 0.0000000
89 0.0000000
90 0.0000000
 [ reached 'max' / getOption("max.print") -- omitted 330 rows ]
   Step Cluster        X1        X2        X3        X4        X5         X6        X7        X8
1     0       1 0.0000000 0.0000000 0.0000000 0.0000000 0.0000000 0.00000000 0.0000000 0.0000000
2     0       1 0.0000000 0.0000000 0.0000000 0.0000000 0.0000000 0.00000000 0.0000000 0.0000000
3     0       1 0.0000000 0.0000000 0.0000000 0.0000000 0.0000000 0.00000000 0.0000000 0.0000000
4     0       1 0.0000000 0.0000000 0.0000000 0.0000000 0.0000000 0.00000000 0.0000000 0.0000000
5     0       1 0.0000000 0.0000000 0.0000000 0.0000000 0.0000000 0.00000000 0.0000000 0.0000000
6     0       1 0.0000000 0.0000000 0.0000000 0.0000000 0.0000000 0.00000000 0.0000000 0.0000000
7     0       1 0.0000000 0.0000000 0.0000000 0.0000000 0.0000000 0.00000000 0.0000000 0.0000000
8     0       1 0.0000000 0.0000000 0.0000000 0.0000000 0.0000000 0.00000000 0.0000000 0.0000000
9     0       1 0.0000000 0.0000000 0.0000000 0.0000000 0.0000000 0.00000000 0.0000000 0.0000000
10    0       1 0.0000000 0.0000000 0.0000000 0.0000000 0.0000000 0.00000000 0.0000000 0.0000000
11    0       2 1.0000000 1.0000000 1.0000000 1.0000000 1.0000000 1.00000000 1.0000000 1.0000000
12    0       2 1.0000000 1.0000000 1.0000000 1.0000000 1.0000000 1.00000000 1.0000000 1.0000000
13    0       2 1.0000000 1.0000000 1.0000000 1.0000000 1.0000000 1.00000000 1.0000000 1.0000000
14    0       2 1.0000000 1.0000000 1.0000000 1.0000000 1.0000000 1.00000000 1.0000000 1.0000000
15    0       2 1.0000000 1.0000000 1.0000000 1.0000000 1.0000000 1.00000000 1.0000000 1.0000000
16    0       2 1.0000000 1.0000000 1.0000000 1.0000000 1.0000000 1.00000000 1.0000000 1.0000000
17    0       2 1.0000000 1.0000000 1.0000000 1.0000000 1.0000000 1.00000000 1.0000000 1.0000000
18    0       2 1.0000000 1.0000000 1.0000000 1.0000000 1.0000000 1.00000000 1.0000000 1.0000000
19    0       2 1.0000000 1.0000000 1.0000000 1.0000000 1.0000000 1.00000000 1.0000000 1.0000000
20    0       2 1.0000000 1.0000000 1.0000000 1.0000000 1.0000000 1.00000000 1.0000000 1.0000000
21    1       2 0.1744545 0.4757888 0.7244812 0.8761027 0.3775037 0.64093620 0.6546772 0.5062158
22    1       1 0.0000000 0.0000000 0.0000000 0.0000000 0.0000000 0.00000000 0.0000000 0.0000000
23    1       1 0.0000000 0.0000000 0.0000000 0.0000000 0.0000000 0.00000000 0.0000000 0.0000000
24    1       1 0.0000000 0.0000000 0.0000000 0.0000000 0.0000000 0.00000000 0.0000000 0.0000000
25    1       1 0.0000000 0.0000000 0.0000000 0.0000000 0.0000000 0.00000000 0.0000000 0.0000000
26    1       1 0.0000000 0.0000000 0.0000000 0.0000000 0.0000000 0.00000000 0.0000000 0.0000000
27    1       1 0.0000000 0.0000000 0.0000000 0.0000000 0.0000000 0.00000000 0.0000000 0.0000000
28    1       1 0.0000000 0.0000000 0.0000000 0.0000000 0.0000000 0.00000000 0.0000000 0.0000000
29    1       1 0.0000000 0.0000000 0.0000000 0.0000000 0.0000000 0.00000000 0.0000000 0.0000000
30    1       1 0.0000000 0.0000000 0.0000000 0.0000000 0.0000000 0.00000000 0.0000000 0.0000000
31    1       2 1.0000000 1.0000000 1.0000000 1.0000000 1.0000000 1.00000000 1.0000000 1.0000000
32    1       2 1.0000000 1.0000000 1.0000000 1.0000000 1.0000000 1.00000000 1.0000000 1.0000000
33    1       2 1.0000000 1.0000000 1.0000000 1.0000000 1.0000000 1.00000000 1.0000000 1.0000000
34    1       2 1.0000000 1.0000000 1.0000000 1.0000000 1.0000000 1.00000000 1.0000000 1.0000000
35    1       2 1.0000000 1.0000000 1.0000000 1.0000000 1.0000000 1.00000000 1.0000000 1.0000000
36    1       2 1.0000000 1.0000000 1.0000000 1.0000000 1.0000000 1.00000000 1.0000000 1.0000000
37    1       2 1.0000000 1.0000000 1.0000000 1.0000000 1.0000000 1.00000000 1.0000000 1.0000000
38    1       2 1.0000000 1.0000000 1.0000000 1.0000000 1.0000000 1.00000000 1.0000000 1.0000000
39    1       2 1.0000000 1.0000000 1.0000000 1.0000000 1.0000000 1.00000000 1.0000000 1.0000000
40    1       2 1.0000000 1.0000000 1.0000000 1.0000000 1.0000000 1.00000000 1.0000000 1.0000000
41    2       2 0.1744545 0.4757888 0.7244812 0.8761027 0.3775037 0.64093620 0.6546772 0.5062158
42    2       1 0.0000000 0.0000000 0.0000000 0.0000000 0.0000000 0.00000000 0.0000000 0.0000000
43    2       1 0.0000000 0.0000000 0.0000000 0.0000000 0.0000000 0.00000000 0.0000000 0.0000000
44    2       1 0.0000000 0.0000000 0.0000000 0.0000000 0.0000000 0.00000000 0.0000000 0.0000000
45    2       1 0.0000000 0.0000000 0.0000000 0.0000000 0.0000000 0.00000000 0.0000000 0.0000000
46    2       1 0.0000000 0.0000000 0.0000000 0.0000000 0.0000000 0.00000000 0.0000000 0.0000000
47    2       1 0.0000000 0.0000000 0.0000000 0.0000000 0.0000000 0.00000000 0.0000000 0.0000000
48    2       1 0.0000000 0.0000000 0.0000000 0.0000000 0.0000000 0.00000000 0.0000000 0.0000000
49    2       1 0.0000000 0.0000000 0.0000000 0.0000000 0.0000000 0.00000000 0.0000000 0.0000000
50    2       1 0.0000000 0.0000000 0.0000000 0.0000000 0.0000000 0.00000000 0.0000000 0.0000000
51    2       2 0.2353651 0.8260117 0.3139529 0.3870188 0.5313493 0.91646644 0.8807203 0.7078493
52    2       2 1.0000000 1.0000000 1.0000000 1.0000000 1.0000000 1.00000000 1.0000000 1.0000000
53    2       2 1.0000000 1.0000000 1.0000000 1.0000000 1.0000000 1.00000000 1.0000000 1.0000000
54    2       2 1.0000000 1.0000000 1.0000000 1.0000000 1.0000000 1.00000000 1.0000000 1.0000000
55    2       2 1.0000000 1.0000000 1.0000000 1.0000000 1.0000000 1.00000000 1.0000000 1.0000000
56    2       2 1.0000000 1.0000000 1.0000000 1.0000000 1.0000000 1.00000000 1.0000000 1.0000000
57    2       2 1.0000000 1.0000000 1.0000000 1.0000000 1.0000000 1.00000000 1.0000000 1.0000000
58    2       2 1.0000000 1.0000000 1.0000000 1.0000000 1.0000000 1.00000000 1.0000000 1.0000000
59    2       2 1.0000000 1.0000000 1.0000000 1.0000000 1.0000000 1.00000000 1.0000000 1.0000000
60    2       2 1.0000000 1.0000000 1.0000000 1.0000000 1.0000000 1.00000000 1.0000000 1.0000000
61    3       1 0.1744545 0.4757888 0.7244812 0.8761027 0.3775037 0.64093620 0.6546772 0.5062158
62    3       1 0.7040542 0.7437714 0.7358348 0.5462291 0.5986186 0.03064238 0.4133489 0.6914345
63    3       1 0.0000000 0.0000000 0.0000000 0.0000000 0.0000000 0.00000000 0.0000000 0.0000000
64    3       1 0.0000000 0.0000000 0.0000000 0.0000000 0.0000000 0.00000000 0.0000000 0.0000000
65    3       1 0.0000000 0.0000000 0.0000000 0.0000000 0.0000000 0.00000000 0.0000000 0.0000000
66    3       1 0.0000000 0.0000000 0.0000000 0.0000000 0.0000000 0.00000000 0.0000000 0.0000000
67    3       1 0.0000000 0.0000000 0.0000000 0.0000000 0.0000000 0.00000000 0.0000000 0.0000000
68    3       1 0.0000000 0.0000000 0.0000000 0.0000000 0.0000000 0.00000000 0.0000000 0.0000000
69    3       1 0.0000000 0.0000000 0.0000000 0.0000000 0.0000000 0.00000000 0.0000000 0.0000000
70    3       1 0.0000000 0.0000000 0.0000000 0.0000000 0.0000000 0.00000000 0.0000000 0.0000000
71    3       1 0.2353651 0.8260117 0.3139529 0.3870188 0.5313493 0.91646644 0.8807203 0.7078493
72    3       2 1.0000000 1.0000000 1.0000000 1.0000000 1.0000000 1.00000000 1.0000000 1.0000000
73    3       2 1.0000000 1.0000000 1.0000000 1.0000000 1.0000000 1.00000000 1.0000000 1.0000000
74    3       2 1.0000000 1.0000000 1.0000000 1.0000000 1.0000000 1.00000000 1.0000000 1.0000000
75    3       2 1.0000000 1.0000000 1.0000000 1.0000000 1.0000000 1.00000000 1.0000000 1.0000000
76    3       2 1.0000000 1.0000000 1.0000000 1.0000000 1.0000000 1.00000000 1.0000000 1.0000000
77    3       2 1.0000000 1.0000000 1.0000000 1.0000000 1.0000000 1.00000000 1.0000000 1.0000000
78    3       2 1.0000000 1.0000000 1.0000000 1.0000000 1.0000000 1.00000000 1.0000000 1.0000000
79    3       2 1.0000000 1.0000000 1.0000000 1.0000000 1.0000000 1.00000000 1.0000000 1.0000000
80    3       2 1.0000000 1.0000000 1.0000000 1.0000000 1.0000000 1.00000000 1.0000000 1.0000000
81    4       1 0.1744545 0.4757888 0.7244812 0.8761027 0.3775037 0.64093620 0.6546772 0.5062158
82    4       1 0.7040542 0.7437714 0.7358348 0.5462291 0.5986186 0.03064238 0.4133489 0.6914345
83    4       2 0.0000000 0.0000000 0.0000000 0.0000000 0.0000000 0.00000000 0.0000000 0.0000000
          X9       X10
1  0.0000000 0.0000000
2  0.0000000 0.0000000
3  0.0000000 0.0000000
4  0.0000000 0.0000000
5  0.0000000 0.0000000
6  0.0000000 0.0000000
7  0.0000000 0.0000000
8  0.0000000 0.0000000
9  0.0000000 0.0000000
10 0.0000000 0.0000000
11 1.0000000 1.0000000
12 1.0000000 1.0000000
13 1.0000000 1.0000000
14 1.0000000 1.0000000
15 1.0000000 1.0000000
16 1.0000000 1.0000000
17 1.0000000 1.0000000
18 1.0000000 1.0000000
19 1.0000000 1.0000000
20 1.0000000 1.0000000
21 0.3033477 0.7162497
22 0.0000000 0.0000000
23 0.0000000 0.0000000
24 0.0000000 0.0000000
25 0.0000000 0.0000000
26 0.0000000 0.0000000
27 0.0000000 0.0000000
28 0.0000000 0.0000000
29 0.0000000 0.0000000
30 0.0000000 0.0000000
31 1.0000000 1.0000000
32 1.0000000 1.0000000
33 1.0000000 1.0000000
34 1.0000000 1.0000000
35 1.0000000 1.0000000
36 1.0000000 1.0000000
37 1.0000000 1.0000000
38 1.0000000 1.0000000
39 1.0000000 1.0000000
40 1.0000000 1.0000000
41 0.3033477 0.7162497
42 0.0000000 0.0000000
43 0.0000000 0.0000000
44 0.0000000 0.0000000
45 0.0000000 0.0000000
46 0.0000000 0.0000000
47 0.0000000 0.0000000
48 0.0000000 0.0000000
49 0.0000000 0.0000000
50 0.0000000 0.0000000
51 0.1793028 0.3363548
52 1.0000000 1.0000000
53 1.0000000 1.0000000
54 1.0000000 1.0000000
55 1.0000000 1.0000000
56 1.0000000 1.0000000
57 1.0000000 1.0000000
58 1.0000000 1.0000000
59 1.0000000 1.0000000
60 1.0000000 1.0000000
61 0.3033477 0.7162497
62 0.5227845 0.1773288
63 0.0000000 0.0000000
64 0.0000000 0.0000000
65 0.0000000 0.0000000
66 0.0000000 0.0000000
67 0.0000000 0.0000000
68 0.0000000 0.0000000
69 0.0000000 0.0000000
70 0.0000000 0.0000000
71 0.1793028 0.3363548
72 1.0000000 1.0000000
73 1.0000000 1.0000000
74 1.0000000 1.0000000
75 1.0000000 1.0000000
76 1.0000000 1.0000000
77 1.0000000 1.0000000
78 1.0000000 1.0000000
79 1.0000000 1.0000000
80 1.0000000 1.0000000
81 0.3033477 0.7162497
82 0.5227845 0.1773288
83 0.0000000 0.0000000
 [ reached 'max' / getOption("max.print") -- omitted 337 rows ]
     Step intracls_average.c1 intracls_average.c2 intracls_centroid.c1 intracls_centroid.c2
c1      0               0.000               0.000 0.000000000000000000 0.000000000000000351
c2      0               0.000               0.000 0.000000000000000000 0.000000000000000351
c11     1               0.000               0.287                0.000                0.261
c21     1               0.000               0.287                0.000                0.261
c12     2               0.000               0.554                0.000                0.483
c22     2               0.000               0.554                0.000                0.483
c13     3               0.862               0.000 0.724906389183428201 0.000000000000000702
c23     3               0.862               0.000 0.724906389183428201 0.000000000000000702
c14     4               0.920               0.000                0.760                0.000
c24     4               0.920               0.000                0.760                0.000
c15     5               0.000               1.030                0.000                0.829
c25     5               0.000               1.030                0.000                0.829
c16     6               1.264               0.000 0.993919643323286417 0.000000000000000702
c26     6               1.264               0.000 0.993919643323286417 0.000000000000000702
c17     7               0.000               1.362 0.000000000000000702 1.037531098621024439
c27     7               0.000               1.362 0.000000000000000702 1.037531098621024439
c18     8               1.334               0.000                1.003                0.000
c28     8               1.334               0.000                1.003                0.000
c19     9               1.382               0.000 1.010652152831394091 0.000000000000000351
c29     9               1.382               0.000 1.010652152831394091 0.000000000000000351
c110   10               0.000               1.384                0.000                1.008
c210   10               0.000               1.384                0.000                1.008
c111   11               1.402               0.451                1.001                0.376
c211   11               1.402               0.451                1.001                0.376
c112   12               0.542               1.416                0.433                1.008
c212   12               0.542               1.416                0.433                1.008
c113   13               1.421               0.645                1.011                0.483
c213   13               1.421               0.645                1.011                0.483
c114   14               1.384               0.677                0.966                0.508
c214   14               1.384               0.677                0.966                0.508
c115   15               1.405               0.859                0.983                0.573
c215   15               1.405               0.859                0.983                0.573
c116   16               1.346               0.903                0.932                0.602
c216   16               1.346               0.903                0.932                0.602
c117   17               0.903               1.337                0.602                0.920
c217   17               0.903               1.337                0.602                0.920
c118   18               1.235               1.317                0.821                0.883
c218   18               1.235               1.317                0.821                0.883
c119   19               1.129               1.296                0.753                0.872
c219   19               1.129               1.296                0.753                0.872
c120   20               1.129               1.173                0.753                0.792
c220   20               1.129               1.173                0.753                0.792
     intercls_centroid.c1 intercls_centroid.c2 cluster_size cluster_center.1 cluster_center.2
c1                  0.000                3.162           10            0.000            0.000
c2                  3.162                0.000           10            1.000            1.000
c11                 0.000                3.032            9            0.000            0.000
c21                 3.032                0.000           11            0.925            0.952
c12                 0.000                2.899            9            0.000            0.000
c22                 2.899                0.000           11            0.855            0.937
c13                 0.000                2.706           11           0.1013           0.1860
c23                 2.706                0.000            9           1.0000           1.0000
c14                 0.000                2.667           12            0.808            0.913
c24                 2.667                0.000            8            0.000            0.000
c15                 0.000                2.586            7            0.000            0.000
c25                 2.586                0.000           13            0.795            0.880
c16                 0.000                2.388           13            0.238            0.272
c26                 2.388                0.000            7            1.000            1.000
c17                 0.000                2.272            7            1.000            1.000
c27                 2.272                0.000           13            0.272            0.281
c18                 0.000                2.277           14            0.729            0.718
c28                 2.277                0.000            6            0.000            0.000
c19                 0.000                2.172           14            0.311            0.340
c29                 2.172                0.000            6            1.000            1.000
c110                0.000                2.131            5            1.000            1.000
c210                2.131                0.000           15            0.335            0.371
c111                0.000                1.894           14            0.359            0.397
c211                1.894                0.000            6            0.962            0.959
c112                0.000                1.839            5            0.954            0.950
c212                1.839                0.000           15            0.386            0.379
c113                0.000                1.766           16           0.6624           0.6544
c213                1.766                0.000            4           0.0362           0.1745
c114                0.000                1.697           16            0.408            0.416
c214                1.697                0.000            4            0.942            0.938
c115                0.000                1.552           17           0.6073           0.6000
c215                1.552                0.000            3           0.0483           0.2326
c116                0.000                1.562           17            0.424            0.453
c216                1.562                0.000            3            0.923            0.917
c117                0.000                1.459            3            0.923            0.917
c217                1.459                0.000           17            0.448            0.504
c118                0.000                0.896           10            0.405            0.529
c218                0.896                0.000           10            0.582            0.590
c119                0.000                0.870            9            0.450            0.588
c219                0.870                0.000           11            0.585            0.566
c120                0.000                0.834            9            0.450            0.588
c220                0.834                0.000           11            0.518            0.518
     cluster_center.3 cluster_center.4 cluster_center.5 cluster_center.6 cluster_center.7
c1              0.000            0.000            0.000            0.000            0.000
c2              1.000            1.000            1.000            1.000            1.000
c11             0.000            0.000            0.000            0.000            0.000
c21             0.975            0.989            0.943            0.967            0.969
c12             0.000            0.000            0.000            0.000            0.000
c22             0.913            0.933            0.901            0.960            0.958
c13            0.1613           0.1645           0.1370           0.1444           0.1772
c23            1.0000           1.0000           1.0000           1.0000           1.0000
c14             0.858            0.833            0.800            0.838            0.910
c24             0.000            0.000            0.000            0.000            0.000
c15             0.000            0.000            0.000            0.000            0.000
c25             0.812            0.837            0.748            0.818            0.860
c16             0.265            0.221            0.188            0.271            0.313
c26             1.000            1.000            1.000            1.000            1.000
c17             1.000            1.000            1.000            1.000            1.000
c27             0.284            0.228            0.251            0.280            0.357
c18             0.718            0.669            0.700            0.740            0.797
c28             0.000            0.000            0.000            0.000            0.000
c19             0.295            0.253            0.306            0.316            0.382
c29             1.000            1.000            1.000            1.000            1.000
c110            1.000            1.000            1.000            1.000            1.000
c210            0.280            0.249            0.346            0.340            0.394
c111            0.300            0.267            0.371            0.365            0.422
c211            0.991            0.966            0.931            0.987            0.881
c112            0.989            0.959            0.917            0.984            0.858
c212            0.328            0.275            0.410            0.345            0.456
c113           0.6401           0.5532           0.6737           0.6303           0.7005
c213           0.0187           0.0464           0.1218           0.0130           0.0481
c114            0.374            0.277            0.432            0.369            0.447
c214            0.986            0.949            0.896            0.980            0.822
c115           0.5863           0.4864           0.6345           0.6233           0.6547
c215           0.0249           0.0619           0.1624           0.0173           0.0642
c116            0.359            0.275            0.461            0.400            0.481
c216            0.982            0.932            0.862            0.973            0.763
c117            0.982            0.932            0.862            0.973            0.763
c217            0.418            0.277            0.515            0.407            0.483
c118            0.381            0.281            0.420            0.209            0.212
c218            0.566            0.443            0.649            0.713            0.757
c119            0.423            0.312            0.467            0.232            0.236
c219            0.530            0.431            0.632            0.734            0.774
c120            0.423            0.312            0.467            0.232            0.236
c220            0.465            0.413            0.612            0.674            0.734
     cluster_center.8 cluster_center.9 cluster_center.10
c1              0.000            0.000             0.000
c2              1.000            1.000             1.000
c11             0.000            0.000             0.000
c21             0.955            0.937             0.974
c12             0.000            0.000             0.000
c22             0.929            0.862             0.914
c13            0.1732           0.0914            0.1118
c23            1.0000           1.0000            1.0000
c14             0.896            0.769             0.794
c24             0.000            0.000             0.000
c15             0.000            0.000             0.000
c25             0.842            0.777             0.803
c16             0.272            0.169             0.252
c26             1.000            1.000             1.000
c17             1.000            1.000             1.000
c27             0.347            0.219             0.312
c18             0.760            0.638             0.719
c28             0.000            0.000             0.000
c19             0.363            0.261             0.315
c29             1.000            1.000             1.000
c110            1.000            1.000             1.000
c210            0.362            0.264             0.334
c111            0.388            0.283             0.357
c211            0.845            0.948             0.975
c112            0.814            0.937             0.970
c212            0.363            0.273             0.371
c113           0.6165           0.5441            0.6793
c213           0.1101           0.1818            0.0843
c114            0.410            0.331             0.423
c214            0.767            0.922             0.962
c115           0.5707           0.4887            0.6492
c215           0.1468           0.2424            0.1124
c116            0.461            0.351             0.460
c216            0.689            0.896             0.950
c117            0.689            0.896             0.950
c217            0.496            0.404             0.517
c118            0.528            0.606             0.488
c218            0.473            0.307             0.598
c119            0.587            0.674             0.542
c219            0.434            0.335             0.614
c120            0.587            0.674             0.542
c220            0.381            0.265             0.555
