   Step DB_Index_Avg DB_Index_Centroid Norm_DB_Index_Avg Norm_DB_Index_Centroid
1     0       0.0000         1.110e-16             1.000                  1.000
2     1       0.0947         8.610e-02             0.913                  0.921
3     2       0.1910         1.670e-01             0.840                  0.857
4     3       0.3190         2.680e-01             0.758                  0.789
5     4       0.3450         2.850e-01             0.743                  0.778
6     5       0.3980         3.210e-01             0.715                  0.757
7     6       0.5290         4.160e-01             0.654                  0.706
8     7       0.6000         4.570e-01             0.625                  0.686
9     8       0.5860         4.400e-01             0.631                  0.694
10    9       0.6360         4.650e-01             0.611                  0.683
11   10       0.6490         4.730e-01             0.606                  0.679
12   11       0.9790         7.270e-01             0.505                  0.579
13   12       1.0640         7.840e-01             0.484                  0.561
14   13       1.1690         8.460e-01             0.461                  0.542
15   14       1.2140         8.680e-01             0.452                  0.535
16   15       1.4590         1.002e+00             0.407                  0.500
17   16       1.4390         9.810e-01             0.410                  0.505
18   17       1.5350         1.043e+00             0.394                  0.489
19   18       2.8470         1.900e+00             0.260                  0.345
20   19       2.7890         1.869e+00             0.264                  0.349
21   20       2.7610         1.853e+00             0.266                  0.351
