   Step        X1        X2        X3        X4        X5        X6        X7        X8        X9
1     0 0.0000000 0.0000000 0.0000000 0.0000000 0.0000000 0.0000000 0.0000000 0.0000000 0.0000000
2     0 0.0000000 0.0000000 0.0000000 0.0000000 0.0000000 0.0000000 0.0000000 0.0000000 0.0000000
3     0 0.0000000 0.0000000 0.0000000 0.0000000 0.0000000 0.0000000 0.0000000 0.0000000 0.0000000
4     0 0.0000000 0.0000000 0.0000000 0.0000000 0.0000000 0.0000000 0.0000000 0.0000000 0.0000000
5     0 0.0000000 0.0000000 0.0000000 0.0000000 0.0000000 0.0000000 0.0000000 0.0000000 0.0000000
6     0 0.0000000 0.0000000 0.0000000 0.0000000 0.0000000 0.0000000 0.0000000 0.0000000 0.0000000
7     0 0.0000000 0.0000000 0.0000000 0.0000000 0.0000000 0.0000000 0.0000000 0.0000000 0.0000000
8     0 0.0000000 0.0000000 0.0000000 0.0000000 0.0000000 0.0000000 0.0000000 0.0000000 0.0000000
9     0 0.0000000 0.0000000 0.0000000 0.0000000 0.0000000 0.0000000 0.0000000 0.0000000 0.0000000
10    0 0.0000000 0.0000000 0.0000000 0.0000000 0.0000000 0.0000000 0.0000000 0.0000000 0.0000000
11    0 0.0000000 0.0000000 0.0000000 0.0000000 0.0000000 0.0000000 0.0000000 0.0000000 0.0000000
12    0 0.0000000 0.0000000 0.0000000 0.0000000 0.0000000 0.0000000 0.0000000 0.0000000 0.0000000
13    0 0.0000000 0.0000000 0.0000000 0.0000000 0.0000000 0.0000000 0.0000000 0.0000000 0.0000000
14    0 0.0000000 0.0000000 0.0000000 0.0000000 0.0000000 0.0000000 0.0000000 0.0000000 0.0000000
15    0 0.0000000 0.0000000 0.0000000 0.0000000 0.0000000 0.0000000 0.0000000 0.0000000 0.0000000
16    0 0.0000000 0.0000000 0.0000000 0.0000000 0.0000000 0.0000000 0.0000000 0.0000000 0.0000000
17    0 0.0000000 0.0000000 0.0000000 0.0000000 0.0000000 0.0000000 0.0000000 0.0000000 0.0000000
18    0 0.0000000 0.0000000 0.0000000 0.0000000 0.0000000 0.0000000 0.0000000 0.0000000 0.0000000
19    0 0.0000000 0.0000000 0.0000000 0.0000000 0.0000000 0.0000000 0.0000000 0.0000000 0.0000000
20    0 0.0000000 0.0000000 0.0000000 0.0000000 0.0000000 0.0000000 0.0000000 0.0000000 0.0000000
21    0 1.0000000 1.0000000 1.0000000 1.0000000 1.0000000 1.0000000 1.0000000 1.0000000 1.0000000
22    0 1.0000000 1.0000000 1.0000000 1.0000000 1.0000000 1.0000000 1.0000000 1.0000000 1.0000000
23    0 1.0000000 1.0000000 1.0000000 1.0000000 1.0000000 1.0000000 1.0000000 1.0000000 1.0000000
24    0 1.0000000 1.0000000 1.0000000 1.0000000 1.0000000 1.0000000 1.0000000 1.0000000 1.0000000
25    0 1.0000000 1.0000000 1.0000000 1.0000000 1.0000000 1.0000000 1.0000000 1.0000000 1.0000000
26    0 1.0000000 1.0000000 1.0000000 1.0000000 1.0000000 1.0000000 1.0000000 1.0000000 1.0000000
27    0 1.0000000 1.0000000 1.0000000 1.0000000 1.0000000 1.0000000 1.0000000 1.0000000 1.0000000
28    0 1.0000000 1.0000000 1.0000000 1.0000000 1.0000000 1.0000000 1.0000000 1.0000000 1.0000000
29    0 1.0000000 1.0000000 1.0000000 1.0000000 1.0000000 1.0000000 1.0000000 1.0000000 1.0000000
30    0 1.0000000 1.0000000 1.0000000 1.0000000 1.0000000 1.0000000 1.0000000 1.0000000 1.0000000
31    0 1.0000000 1.0000000 1.0000000 1.0000000 1.0000000 1.0000000 1.0000000 1.0000000 1.0000000
32    0 1.0000000 1.0000000 1.0000000 1.0000000 1.0000000 1.0000000 1.0000000 1.0000000 1.0000000
33    0 1.0000000 1.0000000 1.0000000 1.0000000 1.0000000 1.0000000 1.0000000 1.0000000 1.0000000
34    0 1.0000000 1.0000000 1.0000000 1.0000000 1.0000000 1.0000000 1.0000000 1.0000000 1.0000000
35    0 1.0000000 1.0000000 1.0000000 1.0000000 1.0000000 1.0000000 1.0000000 1.0000000 1.0000000
36    0 1.0000000 1.0000000 1.0000000 1.0000000 1.0000000 1.0000000 1.0000000 1.0000000 1.0000000
37    0 1.0000000 1.0000000 1.0000000 1.0000000 1.0000000 1.0000000 1.0000000 1.0000000 1.0000000
38    0 1.0000000 1.0000000 1.0000000 1.0000000 1.0000000 1.0000000 1.0000000 1.0000000 1.0000000
39    0 1.0000000 1.0000000 1.0000000 1.0000000 1.0000000 1.0000000 1.0000000 1.0000000 1.0000000
40    0 1.0000000 1.0000000 1.0000000 1.0000000 1.0000000 1.0000000 1.0000000 1.0000000 1.0000000
41    1 0.1744545 0.4757888 0.7244812 0.8761027 0.3775037 0.6409362 0.6546772 0.5062158 0.3033477
42    1 0.0000000 0.0000000 0.0000000 0.0000000 0.0000000 0.0000000 0.0000000 0.0000000 0.0000000
43    1 0.0000000 0.0000000 0.0000000 0.0000000 0.0000000 0.0000000 0.0000000 0.0000000 0.0000000
44    1 0.0000000 0.0000000 0.0000000 0.0000000 0.0000000 0.0000000 0.0000000 0.0000000 0.0000000
45    1 0.0000000 0.0000000 0.0000000 0.0000000 0.0000000 0.0000000 0.0000000 0.0000000 0.0000000
46    1 0.0000000 0.0000000 0.0000000 0.0000000 0.0000000 0.0000000 0.0000000 0.0000000 0.0000000
47    1 0.0000000 0.0000000 0.0000000 0.0000000 0.0000000 0.0000000 0.0000000 0.0000000 0.0000000
         X10       X11       X12       X13       X14         X15       X16       X17       X18
1  0.0000000 0.0000000 0.0000000 0.0000000 0.0000000 0.000000000 0.0000000 0.0000000 0.0000000
2  0.0000000 0.0000000 0.0000000 0.0000000 0.0000000 0.000000000 0.0000000 0.0000000 0.0000000
3  0.0000000 0.0000000 0.0000000 0.0000000 0.0000000 0.000000000 0.0000000 0.0000000 0.0000000
4  0.0000000 0.0000000 0.0000000 0.0000000 0.0000000 0.000000000 0.0000000 0.0000000 0.0000000
5  0.0000000 0.0000000 0.0000000 0.0000000 0.0000000 0.000000000 0.0000000 0.0000000 0.0000000
6  0.0000000 0.0000000 0.0000000 0.0000000 0.0000000 0.000000000 0.0000000 0.0000000 0.0000000
7  0.0000000 0.0000000 0.0000000 0.0000000 0.0000000 0.000000000 0.0000000 0.0000000 0.0000000
8  0.0000000 0.0000000 0.0000000 0.0000000 0.0000000 0.000000000 0.0000000 0.0000000 0.0000000
9  0.0000000 0.0000000 0.0000000 0.0000000 0.0000000 0.000000000 0.0000000 0.0000000 0.0000000
10 0.0000000 0.0000000 0.0000000 0.0000000 0.0000000 0.000000000 0.0000000 0.0000000 0.0000000
11 0.0000000 0.0000000 0.0000000 0.0000000 0.0000000 0.000000000 0.0000000 0.0000000 0.0000000
12 0.0000000 0.0000000 0.0000000 0.0000000 0.0000000 0.000000000 0.0000000 0.0000000 0.0000000
13 0.0000000 0.0000000 0.0000000 0.0000000 0.0000000 0.000000000 0.0000000 0.0000000 0.0000000
14 0.0000000 0.0000000 0.0000000 0.0000000 0.0000000 0.000000000 0.0000000 0.0000000 0.0000000
15 0.0000000 0.0000000 0.0000000 0.0000000 0.0000000 0.000000000 0.0000000 0.0000000 0.0000000
16 0.0000000 0.0000000 0.0000000 0.0000000 0.0000000 0.000000000 0.0000000 0.0000000 0.0000000
17 0.0000000 0.0000000 0.0000000 0.0000000 0.0000000 0.000000000 0.0000000 0.0000000 0.0000000
18 0.0000000 0.0000000 0.0000000 0.0000000 0.0000000 0.000000000 0.0000000 0.0000000 0.0000000
19 0.0000000 0.0000000 0.0000000 0.0000000 0.0000000 0.000000000 0.0000000 0.0000000 0.0000000
20 0.0000000 0.0000000 0.0000000 0.0000000 0.0000000 0.000000000 0.0000000 0.0000000 0.0000000
21 1.0000000 1.0000000 1.0000000 1.0000000 1.0000000 1.000000000 1.0000000 1.0000000 1.0000000
22 1.0000000 1.0000000 1.0000000 1.0000000 1.0000000 1.000000000 1.0000000 1.0000000 1.0000000
23 1.0000000 1.0000000 1.0000000 1.0000000 1.0000000 1.000000000 1.0000000 1.0000000 1.0000000
24 1.0000000 1.0000000 1.0000000 1.0000000 1.0000000 1.000000000 1.0000000 1.0000000 1.0000000
25 1.0000000 1.0000000 1.0000000 1.0000000 1.0000000 1.000000000 1.0000000 1.0000000 1.0000000
26 1.0000000 1.0000000 1.0000000 1.0000000 1.0000000 1.000000000 1.0000000 1.0000000 1.0000000
27 1.0000000 1.0000000 1.0000000 1.0000000 1.0000000 1.000000000 1.0000000 1.0000000 1.0000000
28 1.0000000 1.0000000 1.0000000 1.0000000 1.0000000 1.000000000 1.0000000 1.0000000 1.0000000
29 1.0000000 1.0000000 1.0000000 1.0000000 1.0000000 1.000000000 1.0000000 1.0000000 1.0000000
30 1.0000000 1.0000000 1.0000000 1.0000000 1.0000000 1.000000000 1.0000000 1.0000000 1.0000000
31 1.0000000 1.0000000 1.0000000 1.0000000 1.0000000 1.000000000 1.0000000 1.0000000 1.0000000
32 1.0000000 1.0000000 1.0000000 1.0000000 1.0000000 1.000000000 1.0000000 1.0000000 1.0000000
33 1.0000000 1.0000000 1.0000000 1.0000000 1.0000000 1.000000000 1.0000000 1.0000000 1.0000000
34 1.0000000 1.0000000 1.0000000 1.0000000 1.0000000 1.000000000 1.0000000 1.0000000 1.0000000
35 1.0000000 1.0000000 1.0000000 1.0000000 1.0000000 1.000000000 1.0000000 1.0000000 1.0000000
36 1.0000000 1.0000000 1.0000000 1.0000000 1.0000000 1.000000000 1.0000000 1.0000000 1.0000000
37 1.0000000 1.0000000 1.0000000 1.0000000 1.0000000 1.000000000 1.0000000 1.0000000 1.0000000
38 1.0000000 1.0000000 1.0000000 1.0000000 1.0000000 1.000000000 1.0000000 1.0000000 1.0000000
39 1.0000000 1.0000000 1.0000000 1.0000000 1.0000000 1.000000000 1.0000000 1.0000000 1.0000000
40 1.0000000 1.0000000 1.0000000 1.0000000 1.0000000 1.000000000 1.0000000 1.0000000 1.0000000
41 0.7162497 0.2905202 0.1962252 0.3225786 0.8404279 0.001595097 0.1652901 0.2214973 0.2353651
42 0.0000000 0.0000000 0.0000000 0.0000000 0.0000000 0.000000000 0.0000000 0.0000000 0.0000000
43 0.0000000 0.0000000 0.0000000 0.0000000 0.0000000 0.000000000 0.0000000 0.0000000 0.0000000
44 0.0000000 0.0000000 0.0000000 0.0000000 0.0000000 0.000000000 0.0000000 0.0000000 0.0000000
45 0.0000000 0.0000000 0.0000000 0.0000000 0.0000000 0.000000000 0.0000000 0.0000000 0.0000000
46 0.0000000 0.0000000 0.0000000 0.0000000 0.0000000 0.000000000 0.0000000 0.0000000 0.0000000
47 0.0000000 0.0000000 0.0000000 0.0000000 0.0000000 0.000000000 0.0000000 0.0000000 0.0000000
         X19       X20
1  0.0000000 0.0000000
2  0.0000000 0.0000000
3  0.0000000 0.0000000
4  0.0000000 0.0000000
5  0.0000000 0.0000000
6  0.0000000 0.0000000
7  0.0000000 0.0000000
8  0.0000000 0.0000000
9  0.0000000 0.0000000
10 0.0000000 0.0000000
11 0.0000000 0.0000000
12 0.0000000 0.0000000
13 0.0000000 0.0000000
14 0.0000000 0.0000000
15 0.0000000 0.0000000
16 0.0000000 0.0000000
17 0.0000000 0.0000000
18 0.0000000 0.0000000
19 0.0000000 0.0000000
20 0.0000000 0.0000000
21 1.0000000 1.0000000
22 1.0000000 1.0000000
23 1.0000000 1.0000000
24 1.0000000 1.0000000
25 1.0000000 1.0000000
26 1.0000000 1.0000000
27 1.0000000 1.0000000
28 1.0000000 1.0000000
29 1.0000000 1.0000000
30 1.0000000 1.0000000
31 1.0000000 1.0000000
32 1.0000000 1.0000000
33 1.0000000 1.0000000
34 1.0000000 1.0000000
35 1.0000000 1.0000000
36 1.0000000 1.0000000
37 1.0000000 1.0000000
38 1.0000000 1.0000000
39 1.0000000 1.0000000
40 1.0000000 1.0000000
41 0.8260117 0.3139529
42 0.0000000 0.0000000
43 0.0000000 0.0000000
44 0.0000000 0.0000000
45 0.0000000 0.0000000
46 0.0000000 0.0000000
47 0.0000000 0.0000000
 [ reached 'max' / getOption("max.print") -- omitted 1593 rows ]
   Step Cluster        X1        X2        X3        X4        X5        X6        X7        X8
1     0       1 0.0000000 0.0000000 0.0000000 0.0000000 0.0000000 0.0000000 0.0000000 0.0000000
2     0       1 0.0000000 0.0000000 0.0000000 0.0000000 0.0000000 0.0000000 0.0000000 0.0000000
3     0       1 0.0000000 0.0000000 0.0000000 0.0000000 0.0000000 0.0000000 0.0000000 0.0000000
4     0       1 0.0000000 0.0000000 0.0000000 0.0000000 0.0000000 0.0000000 0.0000000 0.0000000
5     0       1 0.0000000 0.0000000 0.0000000 0.0000000 0.0000000 0.0000000 0.0000000 0.0000000
6     0       1 0.0000000 0.0000000 0.0000000 0.0000000 0.0000000 0.0000000 0.0000000 0.0000000
7     0       1 0.0000000 0.0000000 0.0000000 0.0000000 0.0000000 0.0000000 0.0000000 0.0000000
8     0       1 0.0000000 0.0000000 0.0000000 0.0000000 0.0000000 0.0000000 0.0000000 0.0000000
9     0       1 0.0000000 0.0000000 0.0000000 0.0000000 0.0000000 0.0000000 0.0000000 0.0000000
10    0       1 0.0000000 0.0000000 0.0000000 0.0000000 0.0000000 0.0000000 0.0000000 0.0000000
11    0       1 0.0000000 0.0000000 0.0000000 0.0000000 0.0000000 0.0000000 0.0000000 0.0000000
12    0       1 0.0000000 0.0000000 0.0000000 0.0000000 0.0000000 0.0000000 0.0000000 0.0000000
13    0       1 0.0000000 0.0000000 0.0000000 0.0000000 0.0000000 0.0000000 0.0000000 0.0000000
14    0       1 0.0000000 0.0000000 0.0000000 0.0000000 0.0000000 0.0000000 0.0000000 0.0000000
15    0       1 0.0000000 0.0000000 0.0000000 0.0000000 0.0000000 0.0000000 0.0000000 0.0000000
16    0       1 0.0000000 0.0000000 0.0000000 0.0000000 0.0000000 0.0000000 0.0000000 0.0000000
17    0       1 0.0000000 0.0000000 0.0000000 0.0000000 0.0000000 0.0000000 0.0000000 0.0000000
18    0       1 0.0000000 0.0000000 0.0000000 0.0000000 0.0000000 0.0000000 0.0000000 0.0000000
19    0       1 0.0000000 0.0000000 0.0000000 0.0000000 0.0000000 0.0000000 0.0000000 0.0000000
20    0       1 0.0000000 0.0000000 0.0000000 0.0000000 0.0000000 0.0000000 0.0000000 0.0000000
21    0       2 1.0000000 1.0000000 1.0000000 1.0000000 1.0000000 1.0000000 1.0000000 1.0000000
22    0       2 1.0000000 1.0000000 1.0000000 1.0000000 1.0000000 1.0000000 1.0000000 1.0000000
23    0       2 1.0000000 1.0000000 1.0000000 1.0000000 1.0000000 1.0000000 1.0000000 1.0000000
24    0       2 1.0000000 1.0000000 1.0000000 1.0000000 1.0000000 1.0000000 1.0000000 1.0000000
25    0       2 1.0000000 1.0000000 1.0000000 1.0000000 1.0000000 1.0000000 1.0000000 1.0000000
26    0       2 1.0000000 1.0000000 1.0000000 1.0000000 1.0000000 1.0000000 1.0000000 1.0000000
27    0       2 1.0000000 1.0000000 1.0000000 1.0000000 1.0000000 1.0000000 1.0000000 1.0000000
28    0       2 1.0000000 1.0000000 1.0000000 1.0000000 1.0000000 1.0000000 1.0000000 1.0000000
29    0       2 1.0000000 1.0000000 1.0000000 1.0000000 1.0000000 1.0000000 1.0000000 1.0000000
30    0       2 1.0000000 1.0000000 1.0000000 1.0000000 1.0000000 1.0000000 1.0000000 1.0000000
31    0       2 1.0000000 1.0000000 1.0000000 1.0000000 1.0000000 1.0000000 1.0000000 1.0000000
32    0       2 1.0000000 1.0000000 1.0000000 1.0000000 1.0000000 1.0000000 1.0000000 1.0000000
33    0       2 1.0000000 1.0000000 1.0000000 1.0000000 1.0000000 1.0000000 1.0000000 1.0000000
34    0       2 1.0000000 1.0000000 1.0000000 1.0000000 1.0000000 1.0000000 1.0000000 1.0000000
35    0       2 1.0000000 1.0000000 1.0000000 1.0000000 1.0000000 1.0000000 1.0000000 1.0000000
36    0       2 1.0000000 1.0000000 1.0000000 1.0000000 1.0000000 1.0000000 1.0000000 1.0000000
37    0       2 1.0000000 1.0000000 1.0000000 1.0000000 1.0000000 1.0000000 1.0000000 1.0000000
38    0       2 1.0000000 1.0000000 1.0000000 1.0000000 1.0000000 1.0000000 1.0000000 1.0000000
39    0       2 1.0000000 1.0000000 1.0000000 1.0000000 1.0000000 1.0000000 1.0000000 1.0000000
40    0       2 1.0000000 1.0000000 1.0000000 1.0000000 1.0000000 1.0000000 1.0000000 1.0000000
41    1       1 0.1744545 0.4757888 0.7244812 0.8761027 0.3775037 0.6409362 0.6546772 0.5062158
42    1       1 0.0000000 0.0000000 0.0000000 0.0000000 0.0000000 0.0000000 0.0000000 0.0000000
43    1       1 0.0000000 0.0000000 0.0000000 0.0000000 0.0000000 0.0000000 0.0000000 0.0000000
44    1       1 0.0000000 0.0000000 0.0000000 0.0000000 0.0000000 0.0000000 0.0000000 0.0000000
45    1       1 0.0000000 0.0000000 0.0000000 0.0000000 0.0000000 0.0000000 0.0000000 0.0000000
          X9       X10       X11       X12       X13       X14         X15       X16       X17
1  0.0000000 0.0000000 0.0000000 0.0000000 0.0000000 0.0000000 0.000000000 0.0000000 0.0000000
2  0.0000000 0.0000000 0.0000000 0.0000000 0.0000000 0.0000000 0.000000000 0.0000000 0.0000000
3  0.0000000 0.0000000 0.0000000 0.0000000 0.0000000 0.0000000 0.000000000 0.0000000 0.0000000
4  0.0000000 0.0000000 0.0000000 0.0000000 0.0000000 0.0000000 0.000000000 0.0000000 0.0000000
5  0.0000000 0.0000000 0.0000000 0.0000000 0.0000000 0.0000000 0.000000000 0.0000000 0.0000000
6  0.0000000 0.0000000 0.0000000 0.0000000 0.0000000 0.0000000 0.000000000 0.0000000 0.0000000
7  0.0000000 0.0000000 0.0000000 0.0000000 0.0000000 0.0000000 0.000000000 0.0000000 0.0000000
8  0.0000000 0.0000000 0.0000000 0.0000000 0.0000000 0.0000000 0.000000000 0.0000000 0.0000000
9  0.0000000 0.0000000 0.0000000 0.0000000 0.0000000 0.0000000 0.000000000 0.0000000 0.0000000
10 0.0000000 0.0000000 0.0000000 0.0000000 0.0000000 0.0000000 0.000000000 0.0000000 0.0000000
11 0.0000000 0.0000000 0.0000000 0.0000000 0.0000000 0.0000000 0.000000000 0.0000000 0.0000000
12 0.0000000 0.0000000 0.0000000 0.0000000 0.0000000 0.0000000 0.000000000 0.0000000 0.0000000
13 0.0000000 0.0000000 0.0000000 0.0000000 0.0000000 0.0000000 0.000000000 0.0000000 0.0000000
14 0.0000000 0.0000000 0.0000000 0.0000000 0.0000000 0.0000000 0.000000000 0.0000000 0.0000000
15 0.0000000 0.0000000 0.0000000 0.0000000 0.0000000 0.0000000 0.000000000 0.0000000 0.0000000
16 0.0000000 0.0000000 0.0000000 0.0000000 0.0000000 0.0000000 0.000000000 0.0000000 0.0000000
17 0.0000000 0.0000000 0.0000000 0.0000000 0.0000000 0.0000000 0.000000000 0.0000000 0.0000000
18 0.0000000 0.0000000 0.0000000 0.0000000 0.0000000 0.0000000 0.000000000 0.0000000 0.0000000
19 0.0000000 0.0000000 0.0000000 0.0000000 0.0000000 0.0000000 0.000000000 0.0000000 0.0000000
20 0.0000000 0.0000000 0.0000000 0.0000000 0.0000000 0.0000000 0.000000000 0.0000000 0.0000000
21 1.0000000 1.0000000 1.0000000 1.0000000 1.0000000 1.0000000 1.000000000 1.0000000 1.0000000
22 1.0000000 1.0000000 1.0000000 1.0000000 1.0000000 1.0000000 1.000000000 1.0000000 1.0000000
23 1.0000000 1.0000000 1.0000000 1.0000000 1.0000000 1.0000000 1.000000000 1.0000000 1.0000000
24 1.0000000 1.0000000 1.0000000 1.0000000 1.0000000 1.0000000 1.000000000 1.0000000 1.0000000
25 1.0000000 1.0000000 1.0000000 1.0000000 1.0000000 1.0000000 1.000000000 1.0000000 1.0000000
26 1.0000000 1.0000000 1.0000000 1.0000000 1.0000000 1.0000000 1.000000000 1.0000000 1.0000000
27 1.0000000 1.0000000 1.0000000 1.0000000 1.0000000 1.0000000 1.000000000 1.0000000 1.0000000
28 1.0000000 1.0000000 1.0000000 1.0000000 1.0000000 1.0000000 1.000000000 1.0000000 1.0000000
29 1.0000000 1.0000000 1.0000000 1.0000000 1.0000000 1.0000000 1.000000000 1.0000000 1.0000000
30 1.0000000 1.0000000 1.0000000 1.0000000 1.0000000 1.0000000 1.000000000 1.0000000 1.0000000
31 1.0000000 1.0000000 1.0000000 1.0000000 1.0000000 1.0000000 1.000000000 1.0000000 1.0000000
32 1.0000000 1.0000000 1.0000000 1.0000000 1.0000000 1.0000000 1.000000000 1.0000000 1.0000000
33 1.0000000 1.0000000 1.0000000 1.0000000 1.0000000 1.0000000 1.000000000 1.0000000 1.0000000
34 1.0000000 1.0000000 1.0000000 1.0000000 1.0000000 1.0000000 1.000000000 1.0000000 1.0000000
35 1.0000000 1.0000000 1.0000000 1.0000000 1.0000000 1.0000000 1.000000000 1.0000000 1.0000000
36 1.0000000 1.0000000 1.0000000 1.0000000 1.0000000 1.0000000 1.000000000 1.0000000 1.0000000
37 1.0000000 1.0000000 1.0000000 1.0000000 1.0000000 1.0000000 1.000000000 1.0000000 1.0000000
38 1.0000000 1.0000000 1.0000000 1.0000000 1.0000000 1.0000000 1.000000000 1.0000000 1.0000000
39 1.0000000 1.0000000 1.0000000 1.0000000 1.0000000 1.0000000 1.000000000 1.0000000 1.0000000
40 1.0000000 1.0000000 1.0000000 1.0000000 1.0000000 1.0000000 1.000000000 1.0000000 1.0000000
41 0.3033477 0.7162497 0.2905202 0.1962252 0.3225786 0.8404279 0.001595097 0.1652901 0.2214973
42 0.0000000 0.0000000 0.0000000 0.0000000 0.0000000 0.0000000 0.000000000 0.0000000 0.0000000
43 0.0000000 0.0000000 0.0000000 0.0000000 0.0000000 0.0000000 0.000000000 0.0000000 0.0000000
44 0.0000000 0.0000000 0.0000000 0.0000000 0.0000000 0.0000000 0.000000000 0.0000000 0.0000000
45 0.0000000 0.0000000 0.0000000 0.0000000 0.0000000 0.0000000 0.000000000 0.0000000 0.0000000
         X18       X19       X20
1  0.0000000 0.0000000 0.0000000
2  0.0000000 0.0000000 0.0000000
3  0.0000000 0.0000000 0.0000000
4  0.0000000 0.0000000 0.0000000
5  0.0000000 0.0000000 0.0000000
6  0.0000000 0.0000000 0.0000000
7  0.0000000 0.0000000 0.0000000
8  0.0000000 0.0000000 0.0000000
9  0.0000000 0.0000000 0.0000000
10 0.0000000 0.0000000 0.0000000
11 0.0000000 0.0000000 0.0000000
12 0.0000000 0.0000000 0.0000000
13 0.0000000 0.0000000 0.0000000
14 0.0000000 0.0000000 0.0000000
15 0.0000000 0.0000000 0.0000000
16 0.0000000 0.0000000 0.0000000
17 0.0000000 0.0000000 0.0000000
18 0.0000000 0.0000000 0.0000000
19 0.0000000 0.0000000 0.0000000
20 0.0000000 0.0000000 0.0000000
21 1.0000000 1.0000000 1.0000000
22 1.0000000 1.0000000 1.0000000
23 1.0000000 1.0000000 1.0000000
24 1.0000000 1.0000000 1.0000000
25 1.0000000 1.0000000 1.0000000
26 1.0000000 1.0000000 1.0000000
27 1.0000000 1.0000000 1.0000000
28 1.0000000 1.0000000 1.0000000
29 1.0000000 1.0000000 1.0000000
30 1.0000000 1.0000000 1.0000000
31 1.0000000 1.0000000 1.0000000
32 1.0000000 1.0000000 1.0000000
33 1.0000000 1.0000000 1.0000000
34 1.0000000 1.0000000 1.0000000
35 1.0000000 1.0000000 1.0000000
36 1.0000000 1.0000000 1.0000000
37 1.0000000 1.0000000 1.0000000
38 1.0000000 1.0000000 1.0000000
39 1.0000000 1.0000000 1.0000000
40 1.0000000 1.0000000 1.0000000
41 0.2353651 0.8260117 0.3139529
42 0.0000000 0.0000000 0.0000000
43 0.0000000 0.0000000 0.0000000
44 0.0000000 0.0000000 0.0000000
45 0.0000000 0.0000000 0.0000000
 [ reached 'max' / getOption("max.print") -- omitted 1595 rows ]
     Step intracls_average.c1 intracls_average.c2 intracls_centroid.c1 intracls_centroid.c2
c1      0               0.000               0.000 0.000000000000000000 0.000000000000000993
c2      0               0.000               0.000 0.000000000000000000 0.000000000000000993
c11     1               0.229               0.000 0.217430943117760234 0.000000000000000993
c21     1               0.229               0.000 0.217430943117760234 0.000000000000000993
c12     2               0.428               0.000  0.39608448730258078  0.00000000000000199
c22     2               0.428               0.000  0.39608448730258078  0.00000000000000199
c13     3               0.000               0.631  0.00000000000000199  0.56111950682105427
c23     3               0.000               0.631  0.00000000000000199  0.56111950682105427
c14     4               0.814               0.000 0.714109265531273296 0.000000000000000993
c24     4               0.814               0.000 0.714109265531273296 0.000000000000000993
c15     5               0.946               0.000 0.815752686574344743 0.000000000000000993
c25     5               0.946               0.000 0.815752686574344743 0.000000000000000993
c16     6               0.210               0.946                0.198                0.816
c26     6               0.210               0.946                0.198                0.816
c17     7               0.210               1.119                0.198                0.953
c27     7               0.210               1.119                0.198                0.953
c18     8               0.222               1.217                0.209                1.025
c28     8               0.222               1.217                0.209                1.025
c19     9               1.352               0.222                1.119                0.209
c29     9               1.352               0.222                1.119                0.209
c110   10               0.236               1.432                0.221                1.174
c210   10               0.236               1.432                0.221                1.174
c111   11               1.540               0.236                1.247                0.221
c211   11               1.540               0.236                1.247                0.221
c112   12               1.584               0.252                1.276                0.235
c212   12               1.584               0.252                1.276                0.235
c113   13               1.653               0.252                1.312                0.235
c213   13               1.653               0.252                1.312                0.235
c114   14               0.283               1.771                0.263                1.405
c214   14               0.283               1.771                0.263                1.405
c115   15               1.775               0.270                1.381                0.251
c215   15               1.775               0.270                1.381                0.251
c116   16               1.812               0.291                1.401                0.268
c216   16               1.812               0.291                1.401                0.268
c117   17               0.000               1.922                0.000                1.478
     intercls_centroid.c1 intercls_centroid.c2 cluster_size cluster_center.1 cluster_center.2
c1                  0.000                4.472           20            0.000            0.000
c2                  4.472                0.000           20            1.000            1.000
c11                 0.000                4.373           20        0.0087227        0.0237894
c21                 4.373                0.000           20        1.0000000        1.0000000
c12                 0.000                4.274           21           0.0420           0.0312
c22                 4.274                0.000           19           1.0000           1.0000
c13                 0.000                4.179           19           1.0000           1.0000
c23                 4.179                0.000           21           0.0851           0.0561
c14                 0.000                4.086           22           0.1217           0.0536
c24                 4.086                0.000           18           1.0000           1.0000
c15                 0.000                4.011           22           0.1524           0.0722
c25                 4.011                0.000           18           1.0000           1.0000
c16                 0.000                3.927           18           0.9819           0.9821
c26                 3.927                0.000           22           0.1524           0.0722
c17                 0.000                3.822           18           0.9819           0.9821
c27                 3.822                0.000           22           0.1910           0.1039
c18                 0.000                3.750           17           0.9808           0.9810
c28                 3.750                0.000           23           0.2113           0.1337
c19                 0.000                3.661           23           0.2334           0.1360
c29                 3.661                0.000           17           0.9808           0.9810
c110                0.000                3.595           16           0.9796           0.9798
c210                3.595                0.000           24           0.2606           0.1703
c111                0.000                3.500           24            0.280            0.210
c211                3.500                0.000           16            0.980            0.980
c112                0.000                3.444           25            0.291            0.218
c212                3.444                0.000           15            0.978            0.978
c113                0.000                3.373           25            0.319            0.251
c213                3.373                0.000           15            0.978            0.978
c114                0.000                3.225           14          0.04834          0.02920
c214                3.225                0.000           26          0.81125          0.76231
c115                0.000                3.223           26            0.343            0.256
c215                3.223                0.000           14            0.977            0.977
c116                0.000                3.169           27            0.357            0.274
c216                3.169                0.000           13            0.975            0.975
c117                0.000                3.141           11            0.000            0.000
     cluster_center.3 cluster_center.4 cluster_center.5 cluster_center.6 cluster_center.7
c1              0.000            0.000            0.000            0.000            0.000
c2              1.000            1.000            1.000            1.000            1.000
c11         0.0362241        0.0438051        0.0188752        0.0320468        0.0327339
c21         1.0000000        1.0000000        1.0000000        1.0000000        1.0000000
c12            0.0505           0.0599           0.0387           0.0535           0.0647
c22            1.0000           1.0000           1.0000           1.0000           1.0000
c13            1.0000           1.0000           1.0000           1.0000           1.0000
c23            0.0592           0.0644           0.0609           0.0997           0.1048
c14            0.0892           0.1017           0.0985           0.1219           0.1045
c24            1.0000           1.0000           1.0000           1.0000           1.0000
c15            0.1057           0.1194           0.1226           0.1547           0.1280
c25            1.0000           1.0000           1.0000           1.0000           1.0000
c16            0.9893           0.9484           0.9549           0.9950           0.9826
c26            0.1057           0.1194           0.1226           0.1547           0.1280
c17            0.9893           0.9484           0.9549           0.9950           0.9826
c27            0.1233           0.1436           0.1610           0.1574           0.1444
c18            0.9887           0.9453           0.9522           0.9947           0.9815
c28            0.1595           0.1674           0.1567           0.1748           0.1483
c19            0.1926           0.2091           0.1645           0.1970           0.1721
c29            0.9887           0.9453           0.9522           0.9947           0.9815
c110           0.9880           0.9419           0.9492           0.9943           0.9804
c210           0.1847           0.2014           0.1929           0.2049           0.1736
c111            0.224            0.203            0.219            0.237            0.182
c211            0.988            0.942            0.949            0.994            0.980
c112            0.224            0.209            0.247            0.234            0.191
c212            0.987            0.938            0.946            0.994            0.979
c113            0.232            0.232            0.265            0.234            0.203
c213            0.987            0.938            0.946            0.994            0.979
c114          0.02596          0.02785          0.03796          0.05160          0.03698
c214          0.74747          0.71299          0.77753          0.75101          0.71485
c115            0.265            0.263            0.326            0.245            0.244
c215            0.986            0.934            0.942            0.994            0.978
c116            0.272            0.289            0.314            0.271            0.254
c216            0.985            0.929            0.938            0.993            0.976
c117            0.000            0.000            0.000            0.000            0.000
     cluster_center.8 cluster_center.9 cluster_center.10 cluster_center.11 cluster_center.12
c1              0.000            0.000             0.000             0.000             0.000
c2              1.000            1.000             1.000             1.000             1.000
c11         0.0253108        0.0151674         0.0358125         0.0145260         0.0098113
c21         1.0000000        1.0000000         1.0000000         1.0000000         1.0000000
c12            0.0595           0.0495            0.0601            0.0423            0.0108
c22            1.0000           1.0000            1.0000            1.0000            1.0000
c13            1.0000           1.0000            1.0000            1.0000            1.0000
c23            0.0704           0.0636            0.0661            0.0427            0.0408
c14            0.1051           0.0650            0.0963            0.0605            0.0438
c24            1.0000           1.0000            1.0000            1.0000            1.0000
c15            0.1115           0.0689            0.0971            0.0893            0.0644
c25            1.0000           1.0000            1.0000            1.0000            1.0000
c16            0.9759           0.9637            0.9615            0.9776            0.9849
c26            0.1115           0.0689            0.0971            0.0893            0.0644
c17            0.9759           0.9637            0.9615            0.9776            0.9849
c27            0.1407           0.1038            0.1027            0.1218            0.0822
c18            0.9745           0.9615            0.9592            0.9762            0.9840
c28            0.1610           0.1078            0.1083            0.1465            0.0805
c19            0.1614           0.1087            0.1144            0.1494            0.0866
c29            0.9745           0.9615            0.9592            0.9762            0.9840
c110           0.9729           0.9591            0.9567            0.9748            0.9830
c210           0.1747           0.1408            0.1271            0.1740            0.0978
c111            0.192            0.154             0.153             0.193             0.098
c211            0.973            0.959             0.957             0.975             0.983
c112            0.206            0.163             0.152             0.212             0.122
c212            0.971            0.956             0.954             0.973             0.982
c113            0.208            0.188             0.163             0.245             0.123
c213            0.971            0.956             0.954             0.973             0.982
c114          0.01002          0.00623           0.00132           0.04532           0.03237
c214          0.73746          0.70647           0.68461           0.75354           0.65138
c115            0.257            0.202             0.189             0.276             0.171
c215            0.969            0.953             0.951             0.971             0.981
c116            0.259            0.219             0.197             0.284             0.190
c216            0.967            0.950             0.947             0.969             0.979
c117            0.000            0.000             0.000             0.000             0.000
     cluster_center.13 cluster_center.14 cluster_center.15 cluster_center.16 cluster_center.17
c1               0.000             0.000             0.000             0.000             0.000
c2               1.000             1.000             1.000             1.000             1.000
c11          0.0161289         0.0420214         0.0000798         0.0082645         0.0110749
c21          1.0000000         1.0000000         1.0000000         1.0000000         1.0000000
c12             0.0350            0.0729            0.0250            0.0163            0.0327
c22             1.0000            1.0000            1.0000            1.0000            1.0000
c13             1.0000            1.0000            1.0000            1.0000            1.0000
c23             0.0580            0.0851            0.0671            0.0219            0.0605
c14             0.0668            0.0853            0.1016            0.0264            0.0834
c24             1.0000            1.0000            1.0000            1.0000            1.0000
c15             0.0987            0.0919            0.1334            0.0298            0.0919
c25             1.0000            1.0000            1.0000            1.0000            1.0000
c16             0.9964            0.9919            0.9999            0.9872            0.9862
c26             0.0987            0.0919            0.1334            0.0298            0.0919
c17             0.9964            0.9919            0.9999            0.9872            0.9862
c27             0.1425            0.0951            0.1755            0.0307            0.0976
c18             0.9961            0.9915            0.9999            0.9864            0.9854
c28             0.1506            0.1148            0.1854            0.0561            0.1191
c19             0.1836            0.1420            0.1985            0.0970            0.1368
c29             0.9961            0.9915            0.9999            0.9864            0.9854
c110            0.9959            0.9909            0.9999            0.9856            0.9845
c210            0.1921            0.1440            0.2112            0.1172            0.1405
c111             0.215             0.174             0.231             0.153             0.151
c211             0.996             0.991             1.000             0.986             0.984
c112             0.216             0.170             0.248             0.172             0.156
c212             0.996             0.990             1.000             0.985             0.983
c113             0.224             0.172             0.282             0.183             0.175
c213             0.996             0.990             1.000             0.985             0.983
c114           0.05026           0.01035           0.04985           0.00533           0.01326
c214           0.75553           0.72608           0.79693           0.71501           0.71410
c115             0.269             0.217             0.289             0.203             0.194
c215             0.995             0.990             1.000             0.984             0.982
c116             0.287             0.246             0.279             0.213             0.200
c216             0.995             0.989             1.000             0.982             0.981
c117             0.000             0.000             0.000             0.000             0.000
     cluster_center.18 cluster_center.19 cluster_center.20
c1               0.000             0.000             0.000
c2               1.000             1.000             1.000
c11          0.0117683         0.0413006         0.0156976
c21          1.0000000         1.0000000         1.0000000
c12             0.0282            0.0778            0.0381
c22             1.0000            1.0000            1.0000
c13             1.0000            1.0000            1.0000
c23             0.0407            0.0872            0.0791
c14             0.0831            0.1127            0.1110
c24             1.0000            1.0000            1.0000
c15             0.1052            0.1151            0.1198
c25             1.0000            1.0000            1.0000
c16             0.9969            0.9887            0.9770
c26             0.1052            0.1151            0.1198
c17             0.9969            0.9887            0.9770
c27             0.1310            0.1530            0.1458
c18             0.9968            0.9880            0.9756
c28             0.1335            0.1854            0.1467
c19             0.1759            0.2032            0.1844
c29             0.9968            0.9880            0.9756
c110            0.9966            0.9873            0.9741
c210            0.1907            0.2341            0.1865
c111             0.210             0.246             0.220
c211             0.997             0.987             0.974
c112             0.219             0.272             0.246
c212             0.996             0.986             0.972
c113             0.250             0.277             0.270
c213             0.996             0.986             0.972
c114           0.03481           0.00372           0.01375
c214           0.77597           0.82789           0.80770
c115             0.276             0.333             0.319
c215             0.996             0.985             0.970
c116             0.289             0.323             0.317
c216             0.996             0.984             0.968
c117             0.000             0.000             0.000
 [ reached 'max' / getOption("max.print") -- omitted 47 rows ]
