    Step          X1        X2        X3          X4         X5
1      0 0.000000000 0.0000000 0.0000000 0.000000000 0.00000000
2      0 0.000000000 0.0000000 0.0000000 0.000000000 0.00000000
3      0 0.000000000 0.0000000 0.0000000 0.000000000 0.00000000
4      0 0.000000000 0.0000000 0.0000000 0.000000000 0.00000000
5      0 0.000000000 0.0000000 0.0000000 0.000000000 0.00000000
6      0 1.000000000 1.0000000 1.0000000 1.000000000 1.00000000
7      0 1.000000000 1.0000000 1.0000000 1.000000000 1.00000000
8      0 1.000000000 1.0000000 1.0000000 1.000000000 1.00000000
9      0 1.000000000 1.0000000 1.0000000 1.000000000 1.00000000
10     0 1.000000000 1.0000000 1.0000000 1.000000000 1.00000000
11     1 0.174454530 0.4757888 0.7244812 0.876102672 0.37750367
12     1 0.000000000 0.0000000 0.0000000 0.000000000 0.00000000
13     1 0.000000000 0.0000000 0.0000000 0.000000000 0.00000000
14     1 0.000000000 0.0000000 0.0000000 0.000000000 0.00000000
15     1 0.000000000 0.0000000 0.0000000 0.000000000 0.00000000
16     1 1.000000000 1.0000000 1.0000000 1.000000000 1.00000000
17     1 1.000000000 1.0000000 1.0000000 1.000000000 1.00000000
18     1 1.000000000 1.0000000 1.0000000 1.000000000 1.00000000
19     1 1.000000000 1.0000000 1.0000000 1.000000000 1.00000000
20     1 1.000000000 1.0000000 1.0000000 1.000000000 1.00000000
21     2 0.174454530 0.4757888 0.7244812 0.876102672 0.37750367
22     2 0.000000000 0.0000000 0.0000000 0.000000000 0.00000000
23     2 0.000000000 0.0000000 0.0000000 0.000000000 0.00000000
24     2 0.000000000 0.0000000 0.0000000 0.000000000 0.00000000
25     2 0.000000000 0.0000000 0.0000000 0.000000000 0.00000000
26     2 0.506215793 0.3033477 0.7162497 0.290520155 0.19622523
27     2 1.000000000 1.0000000 1.0000000 1.000000000 1.00000000
28     2 1.000000000 1.0000000 1.0000000 1.000000000 1.00000000
29     2 1.000000000 1.0000000 1.0000000 1.000000000 1.00000000
30     2 1.000000000 1.0000000 1.0000000 1.000000000 1.00000000
31     3 0.174454530 0.4757888 0.7244812 0.876102672 0.37750367
32     3 0.001595097 0.1652901 0.2214973 0.235365115 0.82601168
33     3 0.000000000 0.0000000 0.0000000 0.000000000 0.00000000
34     3 0.000000000 0.0000000 0.0000000 0.000000000 0.00000000
35     3 0.000000000 0.0000000 0.0000000 0.000000000 0.00000000
36     3 0.506215793 0.3033477 0.7162497 0.290520155 0.19622523
37     3 1.000000000 1.0000000 1.0000000 1.000000000 1.00000000
38     3 1.000000000 1.0000000 1.0000000 1.000000000 1.00000000
39     3 1.000000000 1.0000000 1.0000000 1.000000000 1.00000000
40     3 1.000000000 1.0000000 1.0000000 1.000000000 1.00000000
41     4 0.174454530 0.4757888 0.7244812 0.876102672 0.37750367
42     4 0.001595097 0.1652901 0.2214973 0.235365115 0.82601168
43     4 0.000000000 0.0000000 0.0000000 0.000000000 0.00000000
44     4 0.000000000 0.0000000 0.0000000 0.000000000 0.00000000
45     4 0.000000000 0.0000000 0.0000000 0.000000000 0.00000000
46     4 0.506215793 0.3033477 0.7162497 0.290520155 0.19622523
47     4 0.916466435 0.8807203 0.7078493 0.179302837 0.33635484
48     4 1.000000000 1.0000000 1.0000000 1.000000000 1.00000000
49     4 1.000000000 1.0000000 1.0000000 1.000000000 1.00000000
50     4 1.000000000 1.0000000 1.0000000 1.000000000 1.00000000
51     5 0.174454530 0.4757888 0.7244812 0.876102672 0.37750367
52     5 0.001595097 0.1652901 0.2214973 0.235365115 0.82601168
53     5 0.735834800 0.5462291 0.5986186 0.030642378 0.41334888
54     5 0.000000000 0.0000000 0.0000000 0.000000000 0.00000000
55     5 0.000000000 0.0000000 0.0000000 0.000000000 0.00000000
56     5 0.506215793 0.3033477 0.7162497 0.290520155 0.19622523
57     5 0.916466435 0.8807203 0.7078493 0.179302837 0.33635484
58     5 1.000000000 1.0000000 1.0000000 1.000000000 1.00000000
59     5 1.000000000 1.0000000 1.0000000 1.000000000 1.00000000
60     5 1.000000000 1.0000000 1.0000000 1.000000000 1.00000000
61     6 0.174454530 0.4757888 0.7244812 0.876102672 0.37750367
62     6 0.001595097 0.1652901 0.2214973 0.235365115 0.82601168
63     6 0.735834800 0.5462291 0.5986186 0.030642378 0.41334888
64     6 0.000000000 0.0000000 0.0000000 0.000000000 0.00000000
65     6 0.000000000 0.0000000 0.0000000 0.000000000 0.00000000
66     6 0.506215793 0.3033477 0.7162497 0.290520155 0.19622523
67     6 0.916466435 0.8807203 0.7078493 0.179302837 0.33635484
68     6 0.177328767 0.4641701 0.3567974 0.806853387 0.48545469
69     6 1.000000000 1.0000000 1.0000000 1.000000000 1.00000000
70     6 1.000000000 1.0000000 1.0000000 1.000000000 1.00000000
71     7 0.174454530 0.4757888 0.7244812 0.876102672 0.37750367
72     7 0.001595097 0.1652901 0.2214973 0.235365115 0.82601168
73     7 0.735834800 0.5462291 0.5986186 0.030642378 0.41334888
74     7 0.585368446 0.9057224 0.5219964 0.182428342 0.09472549
75     7 0.000000000 0.0000000 0.0000000 0.000000000 0.00000000
76     7 0.506215793 0.3033477 0.7162497 0.290520155 0.19622523
77     7 0.916466435 0.8807203 0.7078493 0.179302837 0.33635484
78     7 0.177328767 0.4641701 0.3567974 0.806853387 0.48545469
79     7 1.000000000 1.0000000 1.0000000 1.000000000 1.00000000
80     7 1.000000000 1.0000000 1.0000000 1.000000000 1.00000000
81     8 0.174454530 0.4757888 0.7244812 0.876102672 0.37750367
82     8 0.001595097 0.1652901 0.2214973 0.235365115 0.82601168
83     8 0.735834800 0.5462291 0.5986186 0.030642378 0.41334888
84     8 0.585368446 0.9057224 0.5219964 0.182428342 0.09472549
85     8 0.000000000 0.0000000 0.0000000 0.000000000 0.00000000
86     8 0.506215793 0.3033477 0.7162497 0.290520155 0.19622523
87     8 0.916466435 0.8807203 0.7078493 0.179302837 0.33635484
88     8 0.177328767 0.4641701 0.3567974 0.806853387 0.48545469
89     8 0.227780258 0.2971113 0.1256632 0.006955402 0.63055361
90     8 1.000000000 1.0000000 1.0000000 1.000000000 1.00000000
91     9 0.174454530 0.4757888 0.7244812 0.876102672 0.37750367
92     9 0.001595097 0.1652901 0.2214973 0.235365115 0.82601168
93     9 0.735834800 0.5462291 0.5986186 0.030642378 0.41334888
94     9 0.585368446 0.9057224 0.5219964 0.182428342 0.09472549
95     9 0.585837378 0.2629064 0.1972859 0.862560353 0.90910027
96     9 0.506215793 0.3033477 0.7162497 0.290520155 0.19622523
97     9 0.916466435 0.8807203 0.7078493 0.179302837 0.33635484
98     9 0.177328767 0.4641701 0.3567974 0.806853387 0.48545469
99     9 0.227780258 0.2971113 0.1256632 0.006955402 0.63055361
100    9 1.000000000 1.0000000 1.0000000 1.000000000 1.00000000
101   10 0.174454530 0.4757888 0.7244812 0.876102672 0.37750367
102   10 0.001595097 0.1652901 0.2214973 0.235365115 0.82601168
103   10 0.735834800 0.5462291 0.5986186 0.030642378 0.41334888
104   10 0.585368446 0.9057224 0.5219964 0.182428342 0.09472549
105   10 0.585837378 0.2629064 0.1972859 0.862560353 0.90910027
106   10 0.506215793 0.3033477 0.7162497 0.290520155 0.19622523
107   10 0.916466435 0.8807203 0.7078493 0.179302837 0.33635484
108   10 0.177328767 0.4641701 0.3567974 0.806853387 0.48545469
109   10 0.227780258 0.2971113 0.1256632 0.006955402 0.63055361
110   10 0.398304809 0.6828345 0.7687256 0.106019998 0.88848776
    Step Cluster          X1        X2        X3          X4         X5
1      0       1 0.000000000 0.0000000 0.0000000 0.000000000 0.00000000
2      0       1 0.000000000 0.0000000 0.0000000 0.000000000 0.00000000
3      0       1 0.000000000 0.0000000 0.0000000 0.000000000 0.00000000
4      0       1 0.000000000 0.0000000 0.0000000 0.000000000 0.00000000
5      0       1 0.000000000 0.0000000 0.0000000 0.000000000 0.00000000
6      0       2 1.000000000 1.0000000 1.0000000 1.000000000 1.00000000
7      0       2 1.000000000 1.0000000 1.0000000 1.000000000 1.00000000
8      0       2 1.000000000 1.0000000 1.0000000 1.000000000 1.00000000
9      0       2 1.000000000 1.0000000 1.0000000 1.000000000 1.00000000
10     0       2 1.000000000 1.0000000 1.0000000 1.000000000 1.00000000
11     1       2 0.174454530 0.4757888 0.7244812 0.876102672 0.37750367
12     1       1 0.000000000 0.0000000 0.0000000 0.000000000 0.00000000
13     1       1 0.000000000 0.0000000 0.0000000 0.000000000 0.00000000
14     1       1 0.000000000 0.0000000 0.0000000 0.000000000 0.00000000
15     1       1 0.000000000 0.0000000 0.0000000 0.000000000 0.00000000
16     1       2 1.000000000 1.0000000 1.0000000 1.000000000 1.00000000
17     1       2 1.000000000 1.0000000 1.0000000 1.000000000 1.00000000
18     1       2 1.000000000 1.0000000 1.0000000 1.000000000 1.00000000
19     1       2 1.000000000 1.0000000 1.0000000 1.000000000 1.00000000
20     1       2 1.000000000 1.0000000 1.0000000 1.000000000 1.00000000
21     2       1 0.174454530 0.4757888 0.7244812 0.876102672 0.37750367
22     2       1 0.000000000 0.0000000 0.0000000 0.000000000 0.00000000
23     2       1 0.000000000 0.0000000 0.0000000 0.000000000 0.00000000
24     2       1 0.000000000 0.0000000 0.0000000 0.000000000 0.00000000
25     2       1 0.000000000 0.0000000 0.0000000 0.000000000 0.00000000
26     2       1 0.506215793 0.3033477 0.7162497 0.290520155 0.19622523
27     2       2 1.000000000 1.0000000 1.0000000 1.000000000 1.00000000
28     2       2 1.000000000 1.0000000 1.0000000 1.000000000 1.00000000
29     2       2 1.000000000 1.0000000 1.0000000 1.000000000 1.00000000
30     2       2 1.000000000 1.0000000 1.0000000 1.000000000 1.00000000
31     3       1 0.174454530 0.4757888 0.7244812 0.876102672 0.37750367
32     3       1 0.001595097 0.1652901 0.2214973 0.235365115 0.82601168
33     3       1 0.000000000 0.0000000 0.0000000 0.000000000 0.00000000
34     3       1 0.000000000 0.0000000 0.0000000 0.000000000 0.00000000
35     3       1 0.000000000 0.0000000 0.0000000 0.000000000 0.00000000
36     3       1 0.506215793 0.3033477 0.7162497 0.290520155 0.19622523
37     3       2 1.000000000 1.0000000 1.0000000 1.000000000 1.00000000
38     3       2 1.000000000 1.0000000 1.0000000 1.000000000 1.00000000
39     3       2 1.000000000 1.0000000 1.0000000 1.000000000 1.00000000
40     3       2 1.000000000 1.0000000 1.0000000 1.000000000 1.00000000
41     4       1 0.174454530 0.4757888 0.7244812 0.876102672 0.37750367
42     4       1 0.001595097 0.1652901 0.2214973 0.235365115 0.82601168
43     4       1 0.000000000 0.0000000 0.0000000 0.000000000 0.00000000
44     4       1 0.000000000 0.0000000 0.0000000 0.000000000 0.00000000
45     4       1 0.000000000 0.0000000 0.0000000 0.000000000 0.00000000
46     4       1 0.506215793 0.3033477 0.7162497 0.290520155 0.19622523
47     4       2 0.916466435 0.8807203 0.7078493 0.179302837 0.33635484
48     4       2 1.000000000 1.0000000 1.0000000 1.000000000 1.00000000
49     4       2 1.000000000 1.0000000 1.0000000 1.000000000 1.00000000
50     4       2 1.000000000 1.0000000 1.0000000 1.000000000 1.00000000
51     5       1 0.174454530 0.4757888 0.7244812 0.876102672 0.37750367
52     5       1 0.001595097 0.1652901 0.2214973 0.235365115 0.82601168
53     5       1 0.735834800 0.5462291 0.5986186 0.030642378 0.41334888
54     5       1 0.000000000 0.0000000 0.0000000 0.000000000 0.00000000
55     5       1 0.000000000 0.0000000 0.0000000 0.000000000 0.00000000
56     5       1 0.506215793 0.3033477 0.7162497 0.290520155 0.19622523
57     5       1 0.916466435 0.8807203 0.7078493 0.179302837 0.33635484
58     5       2 1.000000000 1.0000000 1.0000000 1.000000000 1.00000000
59     5       2 1.000000000 1.0000000 1.0000000 1.000000000 1.00000000
60     5       2 1.000000000 1.0000000 1.0000000 1.000000000 1.00000000
61     6       1 0.174454530 0.4757888 0.7244812 0.876102672 0.37750367
62     6       1 0.001595097 0.1652901 0.2214973 0.235365115 0.82601168
63     6       1 0.735834800 0.5462291 0.5986186 0.030642378 0.41334888
64     6       1 0.000000000 0.0000000 0.0000000 0.000000000 0.00000000
65     6       1 0.000000000 0.0000000 0.0000000 0.000000000 0.00000000
66     6       1 0.506215793 0.3033477 0.7162497 0.290520155 0.19622523
67     6       2 0.916466435 0.8807203 0.7078493 0.179302837 0.33635484
68     6       1 0.177328767 0.4641701 0.3567974 0.806853387 0.48545469
69     6       2 1.000000000 1.0000000 1.0000000 1.000000000 1.00000000
70     6       2 1.000000000 1.0000000 1.0000000 1.000000000 1.00000000
71     7       2 0.174454530 0.4757888 0.7244812 0.876102672 0.37750367
72     7       2 0.001595097 0.1652901 0.2214973 0.235365115 0.82601168
73     7       1 0.735834800 0.5462291 0.5986186 0.030642378 0.41334888
74     7       1 0.585368446 0.9057224 0.5219964 0.182428342 0.09472549
75     7       2 0.000000000 0.0000000 0.0000000 0.000000000 0.00000000
76     7       2 0.506215793 0.3033477 0.7162497 0.290520155 0.19622523
77     7       1 0.916466435 0.8807203 0.7078493 0.179302837 0.33635484
78     7       2 0.177328767 0.4641701 0.3567974 0.806853387 0.48545469
79     7       1 1.000000000 1.0000000 1.0000000 1.000000000 1.00000000
80     7       1 1.000000000 1.0000000 1.0000000 1.000000000 1.00000000
81     8       2 0.174454530 0.4757888 0.7244812 0.876102672 0.37750367
82     8       1 0.001595097 0.1652901 0.2214973 0.235365115 0.82601168
83     8       2 0.735834800 0.5462291 0.5986186 0.030642378 0.41334888
84     8       2 0.585368446 0.9057224 0.5219964 0.182428342 0.09472549
85     8       1 0.000000000 0.0000000 0.0000000 0.000000000 0.00000000
86     8       2 0.506215793 0.3033477 0.7162497 0.290520155 0.19622523
87     8       2 0.916466435 0.8807203 0.7078493 0.179302837 0.33635484
88     8       2 0.177328767 0.4641701 0.3567974 0.806853387 0.48545469
89     8       1 0.227780258 0.2971113 0.1256632 0.006955402 0.63055361
90     8       2 1.000000000 1.0000000 1.0000000 1.000000000 1.00000000
91     9       1 0.174454530 0.4757888 0.7244812 0.876102672 0.37750367
92     9       2 0.001595097 0.1652901 0.2214973 0.235365115 0.82601168
93     9       2 0.735834800 0.5462291 0.5986186 0.030642378 0.41334888
94     9       2 0.585368446 0.9057224 0.5219964 0.182428342 0.09472549
95     9       1 0.585837378 0.2629064 0.1972859 0.862560353 0.90910027
96     9       2 0.506215793 0.3033477 0.7162497 0.290520155 0.19622523
97     9       2 0.916466435 0.8807203 0.7078493 0.179302837 0.33635484
98     9       1 0.177328767 0.4641701 0.3567974 0.806853387 0.48545469
99     9       2 0.227780258 0.2971113 0.1256632 0.006955402 0.63055361
100    9       1 1.000000000 1.0000000 1.0000000 1.000000000 1.00000000
101   10       1 0.174454530 0.4757888 0.7244812 0.876102672 0.37750367
102   10       1 0.001595097 0.1652901 0.2214973 0.235365115 0.82601168
103   10       2 0.735834800 0.5462291 0.5986186 0.030642378 0.41334888
104   10       2 0.585368446 0.9057224 0.5219964 0.182428342 0.09472549
105   10       1 0.585837378 0.2629064 0.1972859 0.862560353 0.90910027
106   10       2 0.506215793 0.3033477 0.7162497 0.290520155 0.19622523
107   10       2 0.916466435 0.8807203 0.7078493 0.179302837 0.33635484
108   10       1 0.177328767 0.4641701 0.3567974 0.806853387 0.48545469
109   10       1 0.227780258 0.2971113 0.1256632 0.006955402 0.63055361
110   10       2 0.398304809 0.6828345 0.7687256 0.106019998 0.88848776
     Step intracls_average.c1 intracls_average.c2 intracls_centroid.c1 intracls_centroid.c2
c1      0               0.000               0.000                0.000                0.000
c2      0               0.000               0.000                0.000                0.000
c11     1               0.000               0.399                0.000                0.333
c21     1               0.000               0.399                0.000                0.333
c12     2               0.659               0.000                0.512                0.000
c22     2               0.659               0.000                0.512                0.000
c13     3               0.817               0.000                0.582                0.000
c23     3               0.817               0.000                0.582                0.000
c14     4               0.817               0.552                0.582                0.414
c24     4               0.817               0.552                0.582                0.414
c15     5               0.979               0.000                0.664                0.000
c25     5               0.979               0.000                0.664                0.000
c16     6               0.910               0.737                0.622                0.491
c26     6               0.910               0.737                0.622                0.491
c17     7               0.900               0.892                0.630                0.572
c27     7               0.900               0.892                0.630                0.572
c18     8               0.685               0.907                0.398                0.605
c28     8               0.685               0.907                0.398                0.605
c19     9               0.931               0.798                0.579                0.528
c29     9               0.931               0.798                0.579                0.528
c110   10               0.789               0.641                0.510                0.401
c210   10               0.789               0.641                0.510                0.401
     intercls_centroid.c1 intercls_centroid.c2 cluster_size cluster_center.1 cluster_center.2
c1                  0.000                2.236            5            0.000            0.000
c2                  2.236                0.000            5            1.000            1.000
c11                 0.000                2.061            4            0.000            0.000
c21                 2.061                0.000            6            0.862            0.913
c12                 0.000                1.894            6           0.1134           0.1299
c22                 1.894                0.000            4           1.0000           1.0000
c13                 0.000                1.787            6            0.114            0.157
c23                 1.787                0.000            4            1.000            1.000
c14                 0.000                1.584            6            0.114            0.157
c24                 1.584                0.000            4            0.979            0.970
c15                 0.000                1.512            7            0.334            0.339
c25                 1.512                0.000            3            1.000            1.000
c16                 0.000                1.290            7            0.228            0.279
c26                 1.290                0.000            3            0.972            0.960
c17                 0.000                0.984            5            0.848            0.867
c27                 0.984                0.000            5            0.172            0.282
c18                 0.000                0.985            3           0.0765           0.1541
c28                 0.985                0.000            7           0.5851           0.6537
c19                 0.000                0.788            4            0.484            0.551
c29                 0.788                0.000            6            0.496            0.516
c110                0.000                0.779            5            0.233            0.333
c210                0.779                0.000            5            0.628            0.664
     cluster_center.3 cluster_center.4 cluster_center.5
c1              0.000            0.000            0.000
c2              1.000            1.000            1.000
c11             0.000            0.000            0.000
c21             0.954            0.979            0.896
c12            0.2401           0.1944           0.0956
c22            1.0000           1.0000           1.0000
c13             0.277            0.234            0.233
c23             1.000            1.000            1.000
c14             0.277            0.234            0.233
c24             0.927            0.795            0.834
c15             0.424            0.230            0.307
c25             1.000            1.000            1.000
c16             0.374            0.320            0.328
c26             0.903            0.726            0.779
c17             0.766            0.478            0.569
c27             0.404            0.442            0.377
c18            0.1157           0.0808           0.4855
c28            0.6609           0.4808           0.4148
c19             0.570            0.886            0.693
c29             0.482            0.154            0.416
c110            0.325            0.558            0.646
c210            0.663            0.158            0.386
