   Step DB_Index_Avg DB_Index_Centroid Norm_DB_Index_Avg Norm_DB_Index_Centroid
1     0        0.000             0.000             1.000                  1.000
2     1        0.194             0.161             0.838                  0.861
3     2        0.348             0.270             0.742                  0.787
4     3        0.457             0.326             0.686                  0.754
5     4        0.865             0.629             0.536                  0.614
6     5        0.647             0.439             0.607                  0.695
7     6        1.276             0.863             0.439                  0.537
8     7        1.822             1.222             0.354                  0.450
9     8        1.616             1.019             0.382                  0.495
10    9        2.193             1.405             0.313                  0.416
11   10        1.835             1.169             0.353                  0.461
