    Step        X1        X2        X3         X4
1      0 0.0000000 0.0000000 0.0000000 0.00000000
2      0 0.0000000 0.0000000 0.0000000 0.00000000
3      0 0.0000000 0.0000000 0.0000000 0.00000000
4      0 0.0000000 0.0000000 0.0000000 0.00000000
5      0 0.0000000 0.0000000 0.0000000 0.00000000
6      0 0.0000000 0.0000000 0.0000000 0.00000000
7      0 0.0000000 0.0000000 0.0000000 0.00000000
8      0 0.0000000 0.0000000 0.0000000 0.00000000
9      0 0.0000000 0.0000000 0.0000000 0.00000000
10     0 0.0000000 0.0000000 0.0000000 0.00000000
11     0 0.0000000 0.0000000 0.0000000 0.00000000
12     0 0.0000000 0.0000000 0.0000000 0.00000000
13     0 0.0000000 0.0000000 0.0000000 0.00000000
14     0 0.0000000 0.0000000 0.0000000 0.00000000
15     0 0.0000000 0.0000000 0.0000000 0.00000000
16     0 0.0000000 0.0000000 0.0000000 0.00000000
17     0 0.0000000 0.0000000 0.0000000 0.00000000
18     0 0.0000000 0.0000000 0.0000000 0.00000000
19     0 0.0000000 0.0000000 0.0000000 0.00000000
20     0 0.0000000 0.0000000 0.0000000 0.00000000
21     0 0.0000000 0.0000000 0.0000000 0.00000000
22     0 0.0000000 0.0000000 0.0000000 0.00000000
23     0 0.0000000 0.0000000 0.0000000 0.00000000
24     0 0.0000000 0.0000000 0.0000000 0.00000000
25     0 0.0000000 0.0000000 0.0000000 0.00000000
26     0 0.0000000 0.0000000 0.0000000 0.00000000
27     0 0.0000000 0.0000000 0.0000000 0.00000000
28     0 0.0000000 0.0000000 0.0000000 0.00000000
29     0 0.0000000 0.0000000 0.0000000 0.00000000
30     0 0.0000000 0.0000000 0.0000000 0.00000000
31     0 0.0000000 0.0000000 0.0000000 0.00000000
32     0 0.0000000 0.0000000 0.0000000 0.00000000
33     0 0.0000000 0.0000000 0.0000000 0.00000000
34     0 0.0000000 0.0000000 0.0000000 0.00000000
35     0 0.0000000 0.0000000 0.0000000 0.00000000
36     0 0.0000000 0.0000000 0.0000000 0.00000000
37     0 0.0000000 0.0000000 0.0000000 0.00000000
38     0 0.0000000 0.0000000 0.0000000 0.00000000
39     0 0.0000000 0.0000000 0.0000000 0.00000000
40     0 0.0000000 0.0000000 0.0000000 0.00000000
41     0 0.0000000 0.0000000 0.0000000 0.00000000
42     0 0.0000000 0.0000000 0.0000000 0.00000000
43     0 0.0000000 0.0000000 0.0000000 0.00000000
44     0 0.0000000 0.0000000 0.0000000 0.00000000
45     0 0.0000000 0.0000000 0.0000000 0.00000000
46     0 0.0000000 0.0000000 0.0000000 0.00000000
47     0 0.0000000 0.0000000 0.0000000 0.00000000
48     0 0.0000000 0.0000000 0.0000000 0.00000000
49     0 0.0000000 0.0000000 0.0000000 0.00000000
50     0 0.0000000 0.0000000 0.0000000 0.00000000
51     0 1.0000000 1.0000000 1.0000000 1.00000000
52     0 1.0000000 1.0000000 1.0000000 1.00000000
53     0 1.0000000 1.0000000 1.0000000 1.00000000
54     0 1.0000000 1.0000000 1.0000000 1.00000000
55     0 1.0000000 1.0000000 1.0000000 1.00000000
56     0 1.0000000 1.0000000 1.0000000 1.00000000
57     0 1.0000000 1.0000000 1.0000000 1.00000000
58     0 1.0000000 1.0000000 1.0000000 1.00000000
59     0 1.0000000 1.0000000 1.0000000 1.00000000
60     0 1.0000000 1.0000000 1.0000000 1.00000000
61     0 1.0000000 1.0000000 1.0000000 1.00000000
62     0 1.0000000 1.0000000 1.0000000 1.00000000
63     0 1.0000000 1.0000000 1.0000000 1.00000000
64     0 1.0000000 1.0000000 1.0000000 1.00000000
65     0 1.0000000 1.0000000 1.0000000 1.00000000
66     0 1.0000000 1.0000000 1.0000000 1.00000000
67     0 1.0000000 1.0000000 1.0000000 1.00000000
68     0 1.0000000 1.0000000 1.0000000 1.00000000
69     0 1.0000000 1.0000000 1.0000000 1.00000000
70     0 1.0000000 1.0000000 1.0000000 1.00000000
71     0 1.0000000 1.0000000 1.0000000 1.00000000
72     0 1.0000000 1.0000000 1.0000000 1.00000000
73     0 1.0000000 1.0000000 1.0000000 1.00000000
74     0 1.0000000 1.0000000 1.0000000 1.00000000
75     0 1.0000000 1.0000000 1.0000000 1.00000000
76     0 1.0000000 1.0000000 1.0000000 1.00000000
77     0 1.0000000 1.0000000 1.0000000 1.00000000
78     0 1.0000000 1.0000000 1.0000000 1.00000000
79     0 1.0000000 1.0000000 1.0000000 1.00000000
80     0 1.0000000 1.0000000 1.0000000 1.00000000
81     0 1.0000000 1.0000000 1.0000000 1.00000000
82     0 1.0000000 1.0000000 1.0000000 1.00000000
83     0 1.0000000 1.0000000 1.0000000 1.00000000
84     0 1.0000000 1.0000000 1.0000000 1.00000000
85     0 1.0000000 1.0000000 1.0000000 1.00000000
86     0 1.0000000 1.0000000 1.0000000 1.00000000
87     0 1.0000000 1.0000000 1.0000000 1.00000000
88     0 1.0000000 1.0000000 1.0000000 1.00000000
89     0 1.0000000 1.0000000 1.0000000 1.00000000
90     0 1.0000000 1.0000000 1.0000000 1.00000000
91     0 1.0000000 1.0000000 1.0000000 1.00000000
92     0 1.0000000 1.0000000 1.0000000 1.00000000
93     0 1.0000000 1.0000000 1.0000000 1.00000000
94     0 1.0000000 1.0000000 1.0000000 1.00000000
95     0 1.0000000 1.0000000 1.0000000 1.00000000
96     0 1.0000000 1.0000000 1.0000000 1.00000000
97     0 1.0000000 1.0000000 1.0000000 1.00000000
98     0 1.0000000 1.0000000 1.0000000 1.00000000
99     0 1.0000000 1.0000000 1.0000000 1.00000000
100    0 1.0000000 1.0000000 1.0000000 1.00000000
101    1 0.8249341 0.2714754 0.9036243 0.03819553
102    1 0.0000000 0.0000000 0.0000000 0.00000000
103    1 0.0000000 0.0000000 0.0000000 0.00000000
104    1 0.0000000 0.0000000 0.0000000 0.00000000
105    1 0.0000000 0.0000000 0.0000000 0.00000000
106    1 0.0000000 0.0000000 0.0000000 0.00000000
107    1 0.0000000 0.0000000 0.0000000 0.00000000
108    1 0.0000000 0.0000000 0.0000000 0.00000000
109    1 0.0000000 0.0000000 0.0000000 0.00000000
110    1 0.0000000 0.0000000 0.0000000 0.00000000
111    1 0.0000000 0.0000000 0.0000000 0.00000000
112    1 0.0000000 0.0000000 0.0000000 0.00000000
113    1 0.0000000 0.0000000 0.0000000 0.00000000
114    1 0.0000000 0.0000000 0.0000000 0.00000000
115    1 0.0000000 0.0000000 0.0000000 0.00000000
116    1 0.0000000 0.0000000 0.0000000 0.00000000
117    1 0.0000000 0.0000000 0.0000000 0.00000000
118    1 0.0000000 0.0000000 0.0000000 0.00000000
119    1 0.0000000 0.0000000 0.0000000 0.00000000
120    1 0.0000000 0.0000000 0.0000000 0.00000000
121    1 0.0000000 0.0000000 0.0000000 0.00000000
122    1 0.0000000 0.0000000 0.0000000 0.00000000
123    1 0.0000000 0.0000000 0.0000000 0.00000000
124    1 0.0000000 0.0000000 0.0000000 0.00000000
125    1 0.0000000 0.0000000 0.0000000 0.00000000
126    1 0.0000000 0.0000000 0.0000000 0.00000000
127    1 0.0000000 0.0000000 0.0000000 0.00000000
128    1 0.0000000 0.0000000 0.0000000 0.00000000
129    1 0.0000000 0.0000000 0.0000000 0.00000000
130    1 0.0000000 0.0000000 0.0000000 0.00000000
131    1 0.0000000 0.0000000 0.0000000 0.00000000
132    1 0.0000000 0.0000000 0.0000000 0.00000000
133    1 0.0000000 0.0000000 0.0000000 0.00000000
134    1 0.0000000 0.0000000 0.0000000 0.00000000
135    1 0.0000000 0.0000000 0.0000000 0.00000000
136    1 0.0000000 0.0000000 0.0000000 0.00000000
137    1 0.0000000 0.0000000 0.0000000 0.00000000
138    1 0.0000000 0.0000000 0.0000000 0.00000000
139    1 0.0000000 0.0000000 0.0000000 0.00000000
140    1 0.0000000 0.0000000 0.0000000 0.00000000
141    1 0.0000000 0.0000000 0.0000000 0.00000000
142    1 0.0000000 0.0000000 0.0000000 0.00000000
143    1 0.0000000 0.0000000 0.0000000 0.00000000
144    1 0.0000000 0.0000000 0.0000000 0.00000000
145    1 0.0000000 0.0000000 0.0000000 0.00000000
146    1 0.0000000 0.0000000 0.0000000 0.00000000
147    1 0.0000000 0.0000000 0.0000000 0.00000000
148    1 0.0000000 0.0000000 0.0000000 0.00000000
149    1 0.0000000 0.0000000 0.0000000 0.00000000
150    1 0.0000000 0.0000000 0.0000000 0.00000000
151    1 1.0000000 1.0000000 1.0000000 1.00000000
152    1 1.0000000 1.0000000 1.0000000 1.00000000
153    1 1.0000000 1.0000000 1.0000000 1.00000000
154    1 1.0000000 1.0000000 1.0000000 1.00000000
155    1 1.0000000 1.0000000 1.0000000 1.00000000
156    1 1.0000000 1.0000000 1.0000000 1.00000000
157    1 1.0000000 1.0000000 1.0000000 1.00000000
158    1 1.0000000 1.0000000 1.0000000 1.00000000
159    1 1.0000000 1.0000000 1.0000000 1.00000000
160    1 1.0000000 1.0000000 1.0000000 1.00000000
161    1 1.0000000 1.0000000 1.0000000 1.00000000
162    1 1.0000000 1.0000000 1.0000000 1.00000000
163    1 1.0000000 1.0000000 1.0000000 1.00000000
164    1 1.0000000 1.0000000 1.0000000 1.00000000
165    1 1.0000000 1.0000000 1.0000000 1.00000000
166    1 1.0000000 1.0000000 1.0000000 1.00000000
167    1 1.0000000 1.0000000 1.0000000 1.00000000
168    1 1.0000000 1.0000000 1.0000000 1.00000000
169    1 1.0000000 1.0000000 1.0000000 1.00000000
170    1 1.0000000 1.0000000 1.0000000 1.00000000
171    1 1.0000000 1.0000000 1.0000000 1.00000000
172    1 1.0000000 1.0000000 1.0000000 1.00000000
173    1 1.0000000 1.0000000 1.0000000 1.00000000
174    1 1.0000000 1.0000000 1.0000000 1.00000000
175    1 1.0000000 1.0000000 1.0000000 1.00000000
176    1 1.0000000 1.0000000 1.0000000 1.00000000
177    1 1.0000000 1.0000000 1.0000000 1.00000000
178    1 1.0000000 1.0000000 1.0000000 1.00000000
179    1 1.0000000 1.0000000 1.0000000 1.00000000
180    1 1.0000000 1.0000000 1.0000000 1.00000000
181    1 1.0000000 1.0000000 1.0000000 1.00000000
182    1 1.0000000 1.0000000 1.0000000 1.00000000
183    1 1.0000000 1.0000000 1.0000000 1.00000000
184    1 1.0000000 1.0000000 1.0000000 1.00000000
185    1 1.0000000 1.0000000 1.0000000 1.00000000
186    1 1.0000000 1.0000000 1.0000000 1.00000000
187    1 1.0000000 1.0000000 1.0000000 1.00000000
188    1 1.0000000 1.0000000 1.0000000 1.00000000
189    1 1.0000000 1.0000000 1.0000000 1.00000000
190    1 1.0000000 1.0000000 1.0000000 1.00000000
191    1 1.0000000 1.0000000 1.0000000 1.00000000
192    1 1.0000000 1.0000000 1.0000000 1.00000000
193    1 1.0000000 1.0000000 1.0000000 1.00000000
194    1 1.0000000 1.0000000 1.0000000 1.00000000
195    1 1.0000000 1.0000000 1.0000000 1.00000000
196    1 1.0000000 1.0000000 1.0000000 1.00000000
197    1 1.0000000 1.0000000 1.0000000 1.00000000
198    1 1.0000000 1.0000000 1.0000000 1.00000000
199    1 1.0000000 1.0000000 1.0000000 1.00000000
200    1 1.0000000 1.0000000 1.0000000 1.00000000
 [ reached 'max' / getOption("max.print") -- omitted 9900 rows ]
    Step Cluster        X1        X2        X3         X4
1      0       2 0.0000000 0.0000000 0.0000000 0.00000000
2      0       2 0.0000000 0.0000000 0.0000000 0.00000000
3      0       2 0.0000000 0.0000000 0.0000000 0.00000000
4      0       2 0.0000000 0.0000000 0.0000000 0.00000000
5      0       2 0.0000000 0.0000000 0.0000000 0.00000000
6      0       2 0.0000000 0.0000000 0.0000000 0.00000000
7      0       2 0.0000000 0.0000000 0.0000000 0.00000000
8      0       2 0.0000000 0.0000000 0.0000000 0.00000000
9      0       2 0.0000000 0.0000000 0.0000000 0.00000000
10     0       2 0.0000000 0.0000000 0.0000000 0.00000000
11     0       2 0.0000000 0.0000000 0.0000000 0.00000000
12     0       2 0.0000000 0.0000000 0.0000000 0.00000000
13     0       2 0.0000000 0.0000000 0.0000000 0.00000000
14     0       2 0.0000000 0.0000000 0.0000000 0.00000000
15     0       2 0.0000000 0.0000000 0.0000000 0.00000000
16     0       2 0.0000000 0.0000000 0.0000000 0.00000000
17     0       2 0.0000000 0.0000000 0.0000000 0.00000000
18     0       2 0.0000000 0.0000000 0.0000000 0.00000000
19     0       2 0.0000000 0.0000000 0.0000000 0.00000000
20     0       2 0.0000000 0.0000000 0.0000000 0.00000000
21     0       2 0.0000000 0.0000000 0.0000000 0.00000000
22     0       2 0.0000000 0.0000000 0.0000000 0.00000000
23     0       2 0.0000000 0.0000000 0.0000000 0.00000000
24     0       2 0.0000000 0.0000000 0.0000000 0.00000000
25     0       2 0.0000000 0.0000000 0.0000000 0.00000000
26     0       2 0.0000000 0.0000000 0.0000000 0.00000000
27     0       2 0.0000000 0.0000000 0.0000000 0.00000000
28     0       2 0.0000000 0.0000000 0.0000000 0.00000000
29     0       2 0.0000000 0.0000000 0.0000000 0.00000000
30     0       2 0.0000000 0.0000000 0.0000000 0.00000000
31     0       2 0.0000000 0.0000000 0.0000000 0.00000000
32     0       2 0.0000000 0.0000000 0.0000000 0.00000000
33     0       2 0.0000000 0.0000000 0.0000000 0.00000000
34     0       2 0.0000000 0.0000000 0.0000000 0.00000000
35     0       2 0.0000000 0.0000000 0.0000000 0.00000000
36     0       2 0.0000000 0.0000000 0.0000000 0.00000000
37     0       2 0.0000000 0.0000000 0.0000000 0.00000000
38     0       2 0.0000000 0.0000000 0.0000000 0.00000000
39     0       2 0.0000000 0.0000000 0.0000000 0.00000000
40     0       2 0.0000000 0.0000000 0.0000000 0.00000000
41     0       2 0.0000000 0.0000000 0.0000000 0.00000000
42     0       2 0.0000000 0.0000000 0.0000000 0.00000000
43     0       2 0.0000000 0.0000000 0.0000000 0.00000000
44     0       2 0.0000000 0.0000000 0.0000000 0.00000000
45     0       2 0.0000000 0.0000000 0.0000000 0.00000000
46     0       2 0.0000000 0.0000000 0.0000000 0.00000000
47     0       2 0.0000000 0.0000000 0.0000000 0.00000000
48     0       2 0.0000000 0.0000000 0.0000000 0.00000000
49     0       2 0.0000000 0.0000000 0.0000000 0.00000000
50     0       2 0.0000000 0.0000000 0.0000000 0.00000000
51     0       1 1.0000000 1.0000000 1.0000000 1.00000000
52     0       1 1.0000000 1.0000000 1.0000000 1.00000000
53     0       1 1.0000000 1.0000000 1.0000000 1.00000000
54     0       1 1.0000000 1.0000000 1.0000000 1.00000000
55     0       1 1.0000000 1.0000000 1.0000000 1.00000000
56     0       1 1.0000000 1.0000000 1.0000000 1.00000000
57     0       1 1.0000000 1.0000000 1.0000000 1.00000000
58     0       1 1.0000000 1.0000000 1.0000000 1.00000000
59     0       1 1.0000000 1.0000000 1.0000000 1.00000000
60     0       1 1.0000000 1.0000000 1.0000000 1.00000000
61     0       1 1.0000000 1.0000000 1.0000000 1.00000000
62     0       1 1.0000000 1.0000000 1.0000000 1.00000000
63     0       1 1.0000000 1.0000000 1.0000000 1.00000000
64     0       1 1.0000000 1.0000000 1.0000000 1.00000000
65     0       1 1.0000000 1.0000000 1.0000000 1.00000000
66     0       1 1.0000000 1.0000000 1.0000000 1.00000000
67     0       1 1.0000000 1.0000000 1.0000000 1.00000000
68     0       1 1.0000000 1.0000000 1.0000000 1.00000000
69     0       1 1.0000000 1.0000000 1.0000000 1.00000000
70     0       1 1.0000000 1.0000000 1.0000000 1.00000000
71     0       1 1.0000000 1.0000000 1.0000000 1.00000000
72     0       1 1.0000000 1.0000000 1.0000000 1.00000000
73     0       1 1.0000000 1.0000000 1.0000000 1.00000000
74     0       1 1.0000000 1.0000000 1.0000000 1.00000000
75     0       1 1.0000000 1.0000000 1.0000000 1.00000000
76     0       1 1.0000000 1.0000000 1.0000000 1.00000000
77     0       1 1.0000000 1.0000000 1.0000000 1.00000000
78     0       1 1.0000000 1.0000000 1.0000000 1.00000000
79     0       1 1.0000000 1.0000000 1.0000000 1.00000000
80     0       1 1.0000000 1.0000000 1.0000000 1.00000000
81     0       1 1.0000000 1.0000000 1.0000000 1.00000000
82     0       1 1.0000000 1.0000000 1.0000000 1.00000000
83     0       1 1.0000000 1.0000000 1.0000000 1.00000000
84     0       1 1.0000000 1.0000000 1.0000000 1.00000000
85     0       1 1.0000000 1.0000000 1.0000000 1.00000000
86     0       1 1.0000000 1.0000000 1.0000000 1.00000000
87     0       1 1.0000000 1.0000000 1.0000000 1.00000000
88     0       1 1.0000000 1.0000000 1.0000000 1.00000000
89     0       1 1.0000000 1.0000000 1.0000000 1.00000000
90     0       1 1.0000000 1.0000000 1.0000000 1.00000000
91     0       1 1.0000000 1.0000000 1.0000000 1.00000000
92     0       1 1.0000000 1.0000000 1.0000000 1.00000000
93     0       1 1.0000000 1.0000000 1.0000000 1.00000000
94     0       1 1.0000000 1.0000000 1.0000000 1.00000000
95     0       1 1.0000000 1.0000000 1.0000000 1.00000000
96     0       1 1.0000000 1.0000000 1.0000000 1.00000000
97     0       1 1.0000000 1.0000000 1.0000000 1.00000000
98     0       1 1.0000000 1.0000000 1.0000000 1.00000000
99     0       1 1.0000000 1.0000000 1.0000000 1.00000000
100    0       1 1.0000000 1.0000000 1.0000000 1.00000000
101    1       2 0.8249341 0.2714754 0.9036243 0.03819553
102    1       1 0.0000000 0.0000000 0.0000000 0.00000000
103    1       1 0.0000000 0.0000000 0.0000000 0.00000000
104    1       1 0.0000000 0.0000000 0.0000000 0.00000000
105    1       1 0.0000000 0.0000000 0.0000000 0.00000000
106    1       1 0.0000000 0.0000000 0.0000000 0.00000000
107    1       1 0.0000000 0.0000000 0.0000000 0.00000000
108    1       1 0.0000000 0.0000000 0.0000000 0.00000000
109    1       1 0.0000000 0.0000000 0.0000000 0.00000000
110    1       1 0.0000000 0.0000000 0.0000000 0.00000000
111    1       1 0.0000000 0.0000000 0.0000000 0.00000000
112    1       1 0.0000000 0.0000000 0.0000000 0.00000000
113    1       1 0.0000000 0.0000000 0.0000000 0.00000000
114    1       1 0.0000000 0.0000000 0.0000000 0.00000000
115    1       1 0.0000000 0.0000000 0.0000000 0.00000000
116    1       1 0.0000000 0.0000000 0.0000000 0.00000000
117    1       1 0.0000000 0.0000000 0.0000000 0.00000000
118    1       1 0.0000000 0.0000000 0.0000000 0.00000000
119    1       1 0.0000000 0.0000000 0.0000000 0.00000000
120    1       1 0.0000000 0.0000000 0.0000000 0.00000000
121    1       1 0.0000000 0.0000000 0.0000000 0.00000000
122    1       1 0.0000000 0.0000000 0.0000000 0.00000000
123    1       1 0.0000000 0.0000000 0.0000000 0.00000000
124    1       1 0.0000000 0.0000000 0.0000000 0.00000000
125    1       1 0.0000000 0.0000000 0.0000000 0.00000000
126    1       1 0.0000000 0.0000000 0.0000000 0.00000000
127    1       1 0.0000000 0.0000000 0.0000000 0.00000000
128    1       1 0.0000000 0.0000000 0.0000000 0.00000000
129    1       1 0.0000000 0.0000000 0.0000000 0.00000000
130    1       1 0.0000000 0.0000000 0.0000000 0.00000000
131    1       1 0.0000000 0.0000000 0.0000000 0.00000000
132    1       1 0.0000000 0.0000000 0.0000000 0.00000000
133    1       1 0.0000000 0.0000000 0.0000000 0.00000000
134    1       1 0.0000000 0.0000000 0.0000000 0.00000000
135    1       1 0.0000000 0.0000000 0.0000000 0.00000000
136    1       1 0.0000000 0.0000000 0.0000000 0.00000000
137    1       1 0.0000000 0.0000000 0.0000000 0.00000000
138    1       1 0.0000000 0.0000000 0.0000000 0.00000000
139    1       1 0.0000000 0.0000000 0.0000000 0.00000000
140    1       1 0.0000000 0.0000000 0.0000000 0.00000000
141    1       1 0.0000000 0.0000000 0.0000000 0.00000000
142    1       1 0.0000000 0.0000000 0.0000000 0.00000000
143    1       1 0.0000000 0.0000000 0.0000000 0.00000000
144    1       1 0.0000000 0.0000000 0.0000000 0.00000000
145    1       1 0.0000000 0.0000000 0.0000000 0.00000000
146    1       1 0.0000000 0.0000000 0.0000000 0.00000000
147    1       1 0.0000000 0.0000000 0.0000000 0.00000000
148    1       1 0.0000000 0.0000000 0.0000000 0.00000000
149    1       1 0.0000000 0.0000000 0.0000000 0.00000000
150    1       1 0.0000000 0.0000000 0.0000000 0.00000000
151    1       2 1.0000000 1.0000000 1.0000000 1.00000000
152    1       2 1.0000000 1.0000000 1.0000000 1.00000000
153    1       2 1.0000000 1.0000000 1.0000000 1.00000000
154    1       2 1.0000000 1.0000000 1.0000000 1.00000000
155    1       2 1.0000000 1.0000000 1.0000000 1.00000000
156    1       2 1.0000000 1.0000000 1.0000000 1.00000000
157    1       2 1.0000000 1.0000000 1.0000000 1.00000000
158    1       2 1.0000000 1.0000000 1.0000000 1.00000000
159    1       2 1.0000000 1.0000000 1.0000000 1.00000000
160    1       2 1.0000000 1.0000000 1.0000000 1.00000000
161    1       2 1.0000000 1.0000000 1.0000000 1.00000000
162    1       2 1.0000000 1.0000000 1.0000000 1.00000000
163    1       2 1.0000000 1.0000000 1.0000000 1.00000000
164    1       2 1.0000000 1.0000000 1.0000000 1.00000000
165    1       2 1.0000000 1.0000000 1.0000000 1.00000000
166    1       2 1.0000000 1.0000000 1.0000000 1.00000000
 [ reached 'max' / getOption("max.print") -- omitted 9934 rows ]
     Step intracls_average.c1 intracls_average.c2 intracls_centroid.c1 intracls_centroid.c2
c1      0               0.000               0.000 0.000000000000000888 0.000000000000000000
c2      0               0.000               0.000 0.000000000000000888 0.000000000000000000
c11     1               0.000               0.048                0.000                0.047
c21     1               0.000               0.048                0.000                0.047
c12     2              0.0838              0.0000               0.0784               0.0000
c22     2              0.0838              0.0000               0.0784               0.0000
c13     3               0.112               0.000                0.103                0.000
c23     3               0.112               0.000                0.103                0.000
c14     4              0.0345              0.1144               0.0338               0.1045
c24     4              0.0345              0.1144               0.0338               0.1045
c15     5              0.0352              0.1455               0.0345               0.1331
c25     5              0.0352              0.1455               0.0345               0.1331
c16     6              0.0779              0.1482               0.0749               0.1355
c26     6              0.0779              0.1482               0.0749               0.1355
c17     7              0.0795              0.1769               0.0764               0.1602
c27     7              0.0795              0.1769               0.0764               0.1602
c18     8               0.180               0.120                0.163                0.115
c28     8               0.180               0.120                0.163                0.115
c19     9               0.180               0.137                0.163                0.129
c29     9               0.180               0.137                0.163                0.129
c110   10               0.171               0.184                0.158                0.166
c210   10               0.171               0.184                0.158                0.166
c111   11               0.249               0.141                0.226                0.132
c211   11               0.249               0.141                0.226                0.132
c112   12               0.144               0.258                0.135                0.230
c212   12               0.144               0.258                0.135                0.230
c113   13               0.224               0.219                0.203                0.198
c213   13               0.224               0.219                0.203                0.198
c114   14               0.189               0.277                0.171                0.249
c214   14               0.189               0.277                0.171                0.249
c115   15               0.257               0.245                0.233                0.220
c215   15               0.257               0.245                0.233                0.220
c116   16               0.210               0.318                0.192                0.279
c216   16               0.210               0.318                0.192                0.279
c117   17               0.210               0.341                0.192                0.299
c217   17               0.210               0.341                0.192                0.299
c118   18               0.286               0.307                0.256                0.272
c218   18               0.286               0.307                0.256                0.272
c119   19               0.419               0.180                0.365                0.164
c219   19               0.419               0.180                0.365                0.164
c120   20               0.441               0.184                0.383                0.168
c220   20               0.441               0.184                0.383                0.168
c121   21               0.184               0.457                0.168                0.395
c221   21               0.184               0.457                0.168                0.395
c122   22               0.457               0.216                0.395                0.197
c222   22               0.457               0.216                0.395                0.197
c123   23               0.216               0.478                0.197                0.410
c223   23               0.216               0.478                0.197                0.410
c124   24               0.251               0.478                0.225                0.410
c224   24               0.251               0.478                0.225                0.410
c125   25               0.493               0.251                0.420                0.225
c225   25               0.493               0.251                0.420                0.225
c126   26               0.493               0.291                0.420                0.260
c226   26               0.493               0.291                0.420                0.260
c127   27               0.304               0.499                0.271                0.425
c227   27               0.304               0.499                0.271                0.425
c128   28               0.310               0.515                0.276                0.435
c228   28               0.310               0.515                0.276                0.435
c129   29               0.545               0.310                0.456                0.276
c229   29               0.545               0.310                0.456                0.276
c130   30               0.316               0.560                0.281                0.464
c230   30               0.316               0.560                0.281                0.464
c131   31               0.567               0.347                0.469                0.303
c231   31               0.567               0.347                0.469                0.303
c132   32               0.636               0.227                0.522                0.201
c232   32               0.636               0.227                0.522                0.201
c133   33               0.588               0.373                0.485                0.322
c233   33               0.588               0.373                0.485                0.322
c134   34               1.034               0.578                0.887                0.390
c234   34               1.034               0.578                0.887                0.390
c135   35               0.600               0.415                0.498                0.347
c235   35               0.600               0.415                0.498                0.347
c136   36               0.399               0.618                0.341                0.505
c236   36               0.399               0.618                0.341                0.505
c137   37               0.285               0.688                0.246                0.553
c237   37               0.285               0.688                0.246                0.553
c138   38               0.650               0.406                0.523                0.346
c238   38               0.650               0.406                0.523                0.346
c139   39               0.291               0.705                0.251                0.563
c239   39               0.291               0.705                0.251                0.563
c140   40               0.298               0.714                0.256                0.569
c240   40               0.298               0.714                0.256                0.569
c141   41               0.725               0.298                0.576                0.256
     intercls_centroid.c1 intercls_centroid.c2 cluster_size cluster_center.1 cluster_center.2
c1                  0.000                2.000           50            1.000            1.000
c2                  2.000                0.000           50            0.000            0.000
c11                 0.000                1.981           49            0.000            0.000
c21                 1.981                0.000           51            0.997            0.986
c12                 0.000                1.963           51            0.985            0.980
c22                 1.963                0.000           49            0.000            0.000
c13                 0.000                1.950           52            0.971            0.976
c23                 1.950                0.000           48            0.000            0.000
c14                 0.000                1.937           49         0.007033         0.015721
c24                 1.937                0.000           51         0.970929         0.975760
c15                 0.000                1.921           48         0.007180         0.016048
c25                 1.921                0.000           52         0.966411         0.969481
c16                 0.000                1.901           49          0.02303          0.02990
c26                 1.901                0.000           51          0.96575          0.96888
c17                 0.000                1.887           48          0.02351          0.03053
c27                 1.887                0.000           52          0.96033          0.96331
c18                 0.000                1.868           51          0.95956          0.96260
c28                 1.868                0.000           49          0.03821          0.04587
c19                 0.000                1.859           51           0.9596           0.9626
c29                 1.859                0.000           49           0.0430           0.0498
c110                0.000                1.841           50           0.0432           0.0643
c210                1.841                0.000           50           0.9587           0.9618
c111                0.000                1.822           51           0.0740           0.0815
c211                1.822                0.000           49           0.9615           0.9759
c112                0.000                1.816           48           0.9607           0.9754
c212                1.816                0.000           52           0.0767           0.0822
c113                0.000                1.796           50           0.0633           0.0801
c213                1.796                0.000           50           0.9498           0.9577
c114                0.000                1.783           49           0.0485           0.0682
c214                1.783                0.000           51           0.9442           0.9454
c115                0.000                1.764           50           0.0743           0.0950
c215                1.764                0.000           50           0.9473           0.9510
c116                0.000                1.751           48           0.9487           0.9641
c216                1.751                0.000           52           0.0916           0.0972
c117                0.000                1.737           48           0.9487           0.9641
c217                1.737                0.000           52           0.0968           0.1101
c118                0.000                1.716           49           0.9407           0.9394
c218                1.716                0.000           51           0.0825           0.1069
c119                0.000                1.707           54           0.1284           0.1303
c219                1.707                0.000           46           0.9562           0.9670
c120                0.000                1.692           55           0.1439           0.1374
c220                1.692                0.000           45           0.9552           0.9663
c121                0.000                1.678           45           0.9552           0.9663
c221                1.678                0.000           55           0.1530           0.1435
c122                0.000                1.661           55           0.1530           0.1435
c222                1.661                0.000           45           0.9410           0.9593
c123                0.000                1.646           45           0.9410           0.9593
c223                1.646                0.000           55           0.1672           0.1488
c124                0.000                1.632           45           0.9401           0.9545
c224                1.632                0.000           55           0.1672           0.1488
c125                0.000                1.620           55           0.1732           0.1508
c225                1.620                0.000           45           0.9401           0.9545
c126                0.000                1.601           55           0.1732           0.1508
c226                1.601                0.000           45           0.9290           0.9534
c127                0.000                1.587           46           0.9236           0.9473
c227                1.587                0.000           54           0.1764           0.1535
c128                0.000                1.572           45           0.9219           0.9462
c228                1.572                0.000           55           0.1780           0.1548
c129                0.000                1.553           55            0.196            0.159
c229                1.553                0.000           45            0.922            0.946
c130                0.000                1.541           44            0.920            0.945
c230                1.541                0.000           56            0.193            0.169
c131                0.000                1.519           55            0.196            0.172
c231                1.519                0.000           45            0.909            0.942
c132                0.000                1.523           60            0.229            0.219
c232                1.523                0.000           40            0.946            0.956
c133                0.000                1.486           55            0.212            0.182
c233                1.486                0.000           45            0.899            0.928
c134                0.000                0.448           87            0.478            0.499
c234                0.448                0.000           13            0.745            0.640
c135                0.000                1.451           55           0.8572           0.8623
c235                1.451                0.000           45           0.1021           0.1122
c136                0.000                1.444           44            0.885            0.920
c236                1.444                0.000           56            0.226            0.202
c137                0.000                1.449           40            0.922            0.933
c237                1.449                0.000           60            0.247            0.242
c138                0.000                1.416           57            0.227            0.201
c238                1.416                0.000           43            0.883            0.918
c139                0.000                1.422           39            0.920            0.931
c239                1.422                0.000           61            0.260            0.250
c140                0.000                1.409           38            0.918            0.929
c240                1.409                0.000           62            0.272            0.256
c141                0.000                1.394           62            0.278            0.261
     cluster_center.3 cluster_center.4
c1              1.000            1.000
c2              0.000            0.000
c11             0.000            0.000
c21             0.998            0.981
c12             0.988            0.972
c22             0.000            0.000
c13             0.982            0.970
c23             0.000            0.000
c14          0.000684         0.000536
c24          0.982038         0.969900
c15          0.000698         0.000548
c25          0.969891         0.960440
c16           0.00291          0.00648
c26           0.96930          0.95966
c17           0.00297          0.00661
c27           0.95478          0.95829
c18           0.95389          0.95747
c28           0.00804          0.00684
c19            0.9539           0.9575
c29            0.0146           0.0091
c110           0.0257           0.0151
c210           0.9530           0.9566
c111           0.0508           0.0180
c211           0.9540           0.9754
c112           0.9530           0.9748
c212           0.0499           0.0243
c113           0.0339           0.0245
c213           0.9443           0.9408
c114           0.0264           0.0225
c214           0.9307           0.9113
c115           0.0410           0.0289
c215           0.9413           0.9271
c116           0.9408           0.9441
c216           0.0727           0.0355
c117           0.9408           0.9441
c217           0.0805           0.0376
c118           0.9351           0.9074
c218           0.0643           0.0376
c119           0.1173           0.0436
c219           0.9477           0.9588
c120           0.1185           0.0459
c220           0.9466           0.9579
c121           0.9466           0.9579
c221           0.1261           0.0509
c122           0.1261           0.0509
c222           0.9366           0.9540
c123           0.9366           0.9540
c223           0.1300           0.0576
c124           0.9164           0.9520
c224           0.1300           0.0576
c125           0.1394           0.0647
c225           0.9164           0.9520
c126           0.1394           0.0647
c226           0.8948           0.9459
c127           0.8884           0.9460
c227           0.1420           0.0659
c128           0.8859           0.9448
c228           0.1513           0.0772
c129            0.154            0.091
c229            0.886            0.945
c130            0.883            0.944
c230            0.152            0.102
c131            0.155            0.104
c231            0.882            0.926
c132            0.174            0.134
c232            0.925            0.969
c133            0.158            0.112
c233            0.881            0.921
c134            0.521            0.477
c234            0.195            0.418
c135           0.7937           0.7981
c235           0.1141           0.0841
c136            0.878            0.913
c236            0.167            0.120
c137            0.923            0.957
c237            0.200            0.156
c138            0.193            0.139
c238            0.875            0.911
c139            0.921            0.956
c239            0.213            0.167
c140            0.919            0.955
c240            0.212            0.171
c141            0.227            0.176
 [ reached 'max' / getOption("max.print") -- omitted 119 rows ]
