   Step X1 X2 X3 X4 X5 X6 X7 X8 X9 X10 X11 X12 X13 X14 X15 X16 X17 X18 X19 X20
1     0  0  0  0  0  0  0  0  0  0   0   0   0   0   0   0   0   0   0   0   0
2     0  0  0  0  0  0  0  0  0  0   0   0   0   0   0   0   0   0   0   0   0
3     0  0  0  0  0  0  0  0  0  0   0   0   0   0   0   0   0   0   0   0   0
4     0  0  0  0  0  0  0  0  0  0   0   0   0   0   0   0   0   0   0   0   0
5     0  0  0  0  0  0  0  0  0  0   0   0   0   0   0   0   0   0   0   0   0
6     0  0  0  0  0  0  0  0  0  0   0   0   0   0   0   0   0   0   0   0   0
7     0  0  0  0  0  0  0  0  0  0   0   0   0   0   0   0   0   0   0   0   0
8     0  0  0  0  0  0  0  0  0  0   0   0   0   0   0   0   0   0   0   0   0
9     0  0  0  0  0  0  0  0  0  0   0   0   0   0   0   0   0   0   0   0   0
10    0  0  0  0  0  0  0  0  0  0   0   0   0   0   0   0   0   0   0   0   0
11    0  0  0  0  0  0  0  0  0  0   0   0   0   0   0   0   0   0   0   0   0
12    0  0  0  0  0  0  0  0  0  0   0   0   0   0   0   0   0   0   0   0   0
13    0  0  0  0  0  0  0  0  0  0   0   0   0   0   0   0   0   0   0   0   0
14    0  0  0  0  0  0  0  0  0  0   0   0   0   0   0   0   0   0   0   0   0
15    0  0  0  0  0  0  0  0  0  0   0   0   0   0   0   0   0   0   0   0   0
16    0  0  0  0  0  0  0  0  0  0   0   0   0   0   0   0   0   0   0   0   0
17    0  0  0  0  0  0  0  0  0  0   0   0   0   0   0   0   0   0   0   0   0
18    0  0  0  0  0  0  0  0  0  0   0   0   0   0   0   0   0   0   0   0   0
19    0  0  0  0  0  0  0  0  0  0   0   0   0   0   0   0   0   0   0   0   0
20    0  0  0  0  0  0  0  0  0  0   0   0   0   0   0   0   0   0   0   0   0
21    0  0  0  0  0  0  0  0  0  0   0   0   0   0   0   0   0   0   0   0   0
22    0  0  0  0  0  0  0  0  0  0   0   0   0   0   0   0   0   0   0   0   0
23    0  0  0  0  0  0  0  0  0  0   0   0   0   0   0   0   0   0   0   0   0
24    0  0  0  0  0  0  0  0  0  0   0   0   0   0   0   0   0   0   0   0   0
25    0  0  0  0  0  0  0  0  0  0   0   0   0   0   0   0   0   0   0   0   0
26    0  0  0  0  0  0  0  0  0  0   0   0   0   0   0   0   0   0   0   0   0
27    0  0  0  0  0  0  0  0  0  0   0   0   0   0   0   0   0   0   0   0   0
28    0  0  0  0  0  0  0  0  0  0   0   0   0   0   0   0   0   0   0   0   0
29    0  0  0  0  0  0  0  0  0  0   0   0   0   0   0   0   0   0   0   0   0
30    0  0  0  0  0  0  0  0  0  0   0   0   0   0   0   0   0   0   0   0   0
31    0  0  0  0  0  0  0  0  0  0   0   0   0   0   0   0   0   0   0   0   0
32    0  0  0  0  0  0  0  0  0  0   0   0   0   0   0   0   0   0   0   0   0
33    0  0  0  0  0  0  0  0  0  0   0   0   0   0   0   0   0   0   0   0   0
34    0  0  0  0  0  0  0  0  0  0   0   0   0   0   0   0   0   0   0   0   0
35    0  0  0  0  0  0  0  0  0  0   0   0   0   0   0   0   0   0   0   0   0
36    0  0  0  0  0  0  0  0  0  0   0   0   0   0   0   0   0   0   0   0   0
37    0  0  0  0  0  0  0  0  0  0   0   0   0   0   0   0   0   0   0   0   0
38    0  0  0  0  0  0  0  0  0  0   0   0   0   0   0   0   0   0   0   0   0
39    0  0  0  0  0  0  0  0  0  0   0   0   0   0   0   0   0   0   0   0   0
40    0  0  0  0  0  0  0  0  0  0   0   0   0   0   0   0   0   0   0   0   0
41    0  0  0  0  0  0  0  0  0  0   0   0   0   0   0   0   0   0   0   0   0
42    0  0  0  0  0  0  0  0  0  0   0   0   0   0   0   0   0   0   0   0   0
43    0  0  0  0  0  0  0  0  0  0   0   0   0   0   0   0   0   0   0   0   0
44    0  0  0  0  0  0  0  0  0  0   0   0   0   0   0   0   0   0   0   0   0
45    0  0  0  0  0  0  0  0  0  0   0   0   0   0   0   0   0   0   0   0   0
46    0  0  0  0  0  0  0  0  0  0   0   0   0   0   0   0   0   0   0   0   0
47    0  0  0  0  0  0  0  0  0  0   0   0   0   0   0   0   0   0   0   0   0
 [ reached 'max' / getOption("max.print") -- omitted 10053 rows ]
   Step Cluster X1 X2 X3 X4 X5 X6 X7 X8 X9 X10 X11 X12 X13 X14 X15 X16 X17 X18 X19 X20
1     0       2  0  0  0  0  0  0  0  0  0   0   0   0   0   0   0   0   0   0   0   0
2     0       2  0  0  0  0  0  0  0  0  0   0   0   0   0   0   0   0   0   0   0   0
3     0       2  0  0  0  0  0  0  0  0  0   0   0   0   0   0   0   0   0   0   0   0
4     0       2  0  0  0  0  0  0  0  0  0   0   0   0   0   0   0   0   0   0   0   0
5     0       2  0  0  0  0  0  0  0  0  0   0   0   0   0   0   0   0   0   0   0   0
6     0       2  0  0  0  0  0  0  0  0  0   0   0   0   0   0   0   0   0   0   0   0
7     0       2  0  0  0  0  0  0  0  0  0   0   0   0   0   0   0   0   0   0   0   0
8     0       2  0  0  0  0  0  0  0  0  0   0   0   0   0   0   0   0   0   0   0   0
9     0       2  0  0  0  0  0  0  0  0  0   0   0   0   0   0   0   0   0   0   0   0
10    0       2  0  0  0  0  0  0  0  0  0   0   0   0   0   0   0   0   0   0   0   0
11    0       2  0  0  0  0  0  0  0  0  0   0   0   0   0   0   0   0   0   0   0   0
12    0       2  0  0  0  0  0  0  0  0  0   0   0   0   0   0   0   0   0   0   0   0
13    0       2  0  0  0  0  0  0  0  0  0   0   0   0   0   0   0   0   0   0   0   0
14    0       2  0  0  0  0  0  0  0  0  0   0   0   0   0   0   0   0   0   0   0   0
15    0       2  0  0  0  0  0  0  0  0  0   0   0   0   0   0   0   0   0   0   0   0
16    0       2  0  0  0  0  0  0  0  0  0   0   0   0   0   0   0   0   0   0   0   0
17    0       2  0  0  0  0  0  0  0  0  0   0   0   0   0   0   0   0   0   0   0   0
18    0       2  0  0  0  0  0  0  0  0  0   0   0   0   0   0   0   0   0   0   0   0
19    0       2  0  0  0  0  0  0  0  0  0   0   0   0   0   0   0   0   0   0   0   0
20    0       2  0  0  0  0  0  0  0  0  0   0   0   0   0   0   0   0   0   0   0   0
21    0       2  0  0  0  0  0  0  0  0  0   0   0   0   0   0   0   0   0   0   0   0
22    0       2  0  0  0  0  0  0  0  0  0   0   0   0   0   0   0   0   0   0   0   0
23    0       2  0  0  0  0  0  0  0  0  0   0   0   0   0   0   0   0   0   0   0   0
24    0       2  0  0  0  0  0  0  0  0  0   0   0   0   0   0   0   0   0   0   0   0
25    0       2  0  0  0  0  0  0  0  0  0   0   0   0   0   0   0   0   0   0   0   0
26    0       2  0  0  0  0  0  0  0  0  0   0   0   0   0   0   0   0   0   0   0   0
27    0       2  0  0  0  0  0  0  0  0  0   0   0   0   0   0   0   0   0   0   0   0
28    0       2  0  0  0  0  0  0  0  0  0   0   0   0   0   0   0   0   0   0   0   0
29    0       2  0  0  0  0  0  0  0  0  0   0   0   0   0   0   0   0   0   0   0   0
30    0       2  0  0  0  0  0  0  0  0  0   0   0   0   0   0   0   0   0   0   0   0
31    0       2  0  0  0  0  0  0  0  0  0   0   0   0   0   0   0   0   0   0   0   0
32    0       2  0  0  0  0  0  0  0  0  0   0   0   0   0   0   0   0   0   0   0   0
33    0       2  0  0  0  0  0  0  0  0  0   0   0   0   0   0   0   0   0   0   0   0
34    0       2  0  0  0  0  0  0  0  0  0   0   0   0   0   0   0   0   0   0   0   0
35    0       2  0  0  0  0  0  0  0  0  0   0   0   0   0   0   0   0   0   0   0   0
36    0       2  0  0  0  0  0  0  0  0  0   0   0   0   0   0   0   0   0   0   0   0
37    0       2  0  0  0  0  0  0  0  0  0   0   0   0   0   0   0   0   0   0   0   0
38    0       2  0  0  0  0  0  0  0  0  0   0   0   0   0   0   0   0   0   0   0   0
39    0       2  0  0  0  0  0  0  0  0  0   0   0   0   0   0   0   0   0   0   0   0
40    0       2  0  0  0  0  0  0  0  0  0   0   0   0   0   0   0   0   0   0   0   0
41    0       2  0  0  0  0  0  0  0  0  0   0   0   0   0   0   0   0   0   0   0   0
42    0       2  0  0  0  0  0  0  0  0  0   0   0   0   0   0   0   0   0   0   0   0
43    0       2  0  0  0  0  0  0  0  0  0   0   0   0   0   0   0   0   0   0   0   0
44    0       2  0  0  0  0  0  0  0  0  0   0   0   0   0   0   0   0   0   0   0   0
45    0       2  0  0  0  0  0  0  0  0  0   0   0   0   0   0   0   0   0   0   0   0
 [ reached 'max' / getOption("max.print") -- omitted 10055 rows ]
     Step intracls_average.c1 intracls_average.c2 intracls_centroid.c1 intracls_centroid.c2
c1      0               0.000               0.000  0.00000000000000199  0.00000000000000000
c2      0               0.000               0.000  0.00000000000000199  0.00000000000000000
c11     1              0.0998              0.0000  0.09777626999880197  0.00000000000000199
c21     1              0.0998              0.0000  0.09777626999880197  0.00000000000000199
c12     2              0.0998              0.1024               0.0978               0.1004
c22     2              0.0998              0.1024               0.0978               0.1004
c13     3               0.102               0.192                0.100                0.181
c23     3               0.102               0.192                0.100                0.181
c14     4               0.105               0.269                0.102                0.249
c24     4               0.105               0.269                0.102                0.249
c15     5               0.204               0.275                0.191                0.254
c25     5               0.204               0.275                0.191                0.254
c16     6               0.000               0.523  0.00000000000000199  0.47178430173326924
c26     6               0.000               0.523  0.00000000000000199  0.47178430173326924
c17     7               0.597               0.000  0.53540938628233337  0.00000000000000199
c27     7               0.597               0.000  0.53540938628233337  0.00000000000000199
c18     8               0.000               0.667  0.00000000000000248  0.59453601059453298
c28     8               0.000               0.667  0.00000000000000248  0.59453601059453298
c19     9               0.000               0.741  0.00000000000000248  0.65637680256822717
c29     9               0.000               0.741  0.00000000000000248  0.65637680256822717
c110   10               0.810               0.000  0.71588990802008401  0.00000000000000199
c210   10               0.810               0.000  0.71588990802008401  0.00000000000000199
c111   11               0.194               0.753                0.181                0.667
c211   11               0.194               0.753                0.181                0.667
c112   12              0.0941              0.8832                0.092                0.776
c212   12              0.0941              0.8832                0.092                0.776
c113   13               0.291               0.831                0.266                0.731
c213   13               0.291               0.831                0.266                0.731
c114   14               0.831               0.374                0.731                0.336
c214   14               0.831               0.374                0.731                0.336
c115   15               0.615               0.704                0.547                0.626
c215   15               0.615               0.704                0.547                0.626
c116   16               0.629               0.769                0.562                0.673
c216   16               0.629               0.769                0.562                0.673
c117   17               0.827               0.641                0.721                0.573
     intercls_centroid.c1 intercls_centroid.c2 cluster_size cluster_center.1 cluster_center.2
c1                  0.000                4.472           50            1.000            1.000
c2                  4.472                0.000           50            0.000            0.000
c11                 0.000                4.429           50         0.016499         0.005430
c21                 4.429                0.000           50         1.000000         1.000000
c12                 0.000                4.386           50         0.016499         0.005430
c22                 4.386                0.000           50         0.990641         0.989106
c13                 0.000                4.345           50          0.99064          0.98911
c23                 4.345                0.000           50          0.03040          0.00761
c14                 0.000                4.310           49           0.9905           0.9889
c24                 4.310                0.000           51           0.0344           0.0113
c15                 0.000                4.265           50          0.97931          0.98487
c25                 4.265                0.000           50          0.03514          0.01151
c16                 0.000                4.234           47           1.0000           1.0000
c26                 4.234                0.000           53           0.0582           0.0476
c17                 0.000                4.197           53           0.0600           0.0661
c27                 4.197                0.000           47           1.0000           1.0000
c18                 0.000                4.162           46           1.0000           1.0000
c28                 4.162                0.000           54           0.0715           0.0751
c19                 0.000                4.125           46           1.0000           1.0000
c29                 4.125                0.000           54           0.0882           0.0770
c110                0.000                4.087           55           0.1038           0.0934
c210                4.087                0.000           45           1.0000           1.0000
c111                0.000                4.036           47           0.9814           0.9880
c211                4.036                0.000           53           0.0899           0.0785
c112                0.000                4.007           45           0.9818           0.9880
c212                4.007                0.000           55           0.1167           0.0970
c113                0.000                3.950           47           0.9754           0.9768
c213                3.950                0.000           53           0.1033           0.0822
c114                0.000                3.915           53           0.1033           0.0822
c214                3.915                0.000           47           0.9737           0.9621
c115                0.000                3.868           50           0.9454           0.9453
c215                3.868                0.000           50           0.0902           0.0623
c116                0.000                3.826           49           0.0775           0.0595
c216                3.826                0.000           51           0.9288           0.9220
c117                0.000                3.790           52           0.9260           0.9137
     cluster_center.3 cluster_center.4 cluster_center.5 cluster_center.6 cluster_center.7
c1              1.000            1.000            1.000            1.000            1.000
c2              0.000            0.000            0.000            0.000            0.000
c11          0.018072         0.000764         0.006076         0.010451         0.001019
c21          1.000000         1.000000         1.000000         1.000000         1.000000
c12          0.018072         0.000764         0.006076         0.010451         0.001019
c22          0.980003         0.999143         0.986892         0.995406         0.980670
c13           0.98000          0.99914          0.98689          0.99541          0.98067
c23           0.02389          0.00574          0.01303          0.01339          0.00719
c14            0.9796           0.9991           0.9866           0.9953           0.9803
c24            0.0297           0.0078           0.0132           0.0273           0.0209
c15           0.96427          0.99020          0.98279          0.98672          0.96487
c25           0.03030          0.00796          0.01345          0.02787          0.02134
c16            1.0000           1.0000           1.0000           1.0000           1.0000
c26            0.0383           0.0411           0.0469           0.0591           0.0268
c17            0.0481           0.0445           0.0500           0.0662           0.0311
c27            1.0000           1.0000           1.0000           1.0000           1.0000
c18            1.0000           1.0000           1.0000           1.0000           1.0000
c28            0.0625           0.0439           0.0506           0.0696           0.0311
c19            1.0000           1.0000           1.0000           1.0000           1.0000
c29            0.0631           0.0453           0.0584           0.0725           0.0441
c110           0.0663           0.0468           0.0711           0.0850           0.0485
c210           1.0000           1.0000           1.0000           1.0000           1.0000
c111           0.9808           0.9728           0.9836           0.9865           0.9752
c211           0.0643           0.0462           0.0595           0.0738           0.0449
c112           0.9967           0.9911           0.9883           0.9912           0.9900
c212           0.0783           0.0504           0.0870           0.0905           0.0519
c113           0.9767           0.9713           0.9801           0.9786           0.9599
c213           0.0767           0.0499           0.0760           0.0795           0.0484
c114           0.0767           0.0499           0.0760           0.0795           0.0484
c214           0.9598           0.9639           0.9674           0.9596           0.9579
c115           0.9101           0.9527           0.9381           0.9451           0.9198
c215           0.0770           0.0227           0.0578           0.0575           0.0465
c116           0.0651           0.0191           0.0411           0.0526           0.0436
c216           0.8885           0.9186           0.9279           0.9288           0.8954
c117           0.8768           0.9180           0.9290           0.9298           0.8891
     cluster_center.8 cluster_center.9 cluster_center.10 cluster_center.11 cluster_center.12
c1              1.000            1.000             1.000             1.000             1.000
c2              0.000            0.000             0.000             0.000             0.000
c11          0.006709         0.015557          0.008128          0.014619          0.009912
c21          1.000000         1.000000          1.000000          1.000000          1.000000
c12          0.006709         0.015557          0.008128          0.014619          0.009912
c22          0.980526         0.997085          0.982262          0.997863          0.995341
c13           0.98053          0.99708           0.98226           0.99786           0.99534
c23           0.02414          0.02924           0.02171           0.01890           0.02767
c14            0.9801           0.9970            0.9819            0.9978            0.9952
c24            0.0247           0.0439            0.0325            0.0246            0.0313
c15           0.97975          0.97710           0.97973           0.99112           0.99234
c25           0.02517          0.04474           0.03315           0.02512           0.03189
c16            1.0000           1.0000            1.0000            1.0000            1.0000
c26            0.0438           0.0617            0.0570            0.0669            0.0697
c17            0.0571           0.0765            0.0742            0.0731            0.0769
c27            1.0000           1.0000            1.0000            1.0000            1.0000
c18            1.0000           1.0000            1.0000            1.0000            1.0000
c28            0.0704           0.0805            0.0768            0.0786            0.0793
c19            1.0000           1.0000            1.0000            1.0000            1.0000
c29            0.0797           0.0981            0.0773            0.0920            0.0880
c110           0.0785           0.1091            0.0775            0.1030            0.1010
c210           1.0000           1.0000            1.0000            1.0000            1.0000
c111           0.9656           0.9932            0.9764            0.9871            0.9932
c211           0.0812           0.1000            0.0787            0.0938            0.0896
c112           0.9860           0.9995            0.9956            0.9933            0.9972
c212           0.0824           0.1246            0.0897            0.1192            0.1021
c113           0.9525           0.9721            0.9752            0.9744            0.9808
c213           0.0853           0.1160            0.0914            0.1105            0.0908
c114           0.0853           0.1160            0.0914            0.1105            0.0908
c214           0.9513           0.9634            0.9691            0.9620            0.9769
c115           0.9216           0.9415            0.9314            0.9480            0.9673
c215           0.0706           0.1059            0.0771            0.0860            0.0639
c116           0.0676           0.0907            0.0650            0.0697            0.0640
c216           0.8978           0.9275            0.9143            0.9329            0.9460
c117           0.8840           0.9101            0.9011            0.9305            0.9400
     cluster_center.13 cluster_center.14 cluster_center.15 cluster_center.16 cluster_center.17
c1               1.000             1.000             1.000             1.000             1.000
c2               0.000             0.000             0.000             0.000             0.000
c11           0.011029          0.003646          0.018761          0.002182          0.010183
c21           1.000000          1.000000          1.000000          1.000000          1.000000
c12           0.011029          0.003646          0.018761          0.002182          0.010183
c22           0.998881          0.994720          0.992985          0.987008          0.989560
c13            0.99888           0.99472           0.99299           0.98701           0.98956
c23            0.02153           0.00982           0.02589           0.01706           0.02583
c14             0.9989            0.9946            0.9928            0.9867            0.9893
c24             0.0403            0.0251            0.0384            0.0246            0.0277
c15            0.98516           0.97535           0.99287           0.97795           0.98444
c25            0.04108           0.02562           0.03920           0.02507           0.02825
c16             1.0000            1.0000            1.0000            1.0000            1.0000
c26             0.0768            0.0407            0.0740            0.0579            0.0637
c17             0.0779            0.0543            0.0856            0.0674            0.0701
c27             1.0000            1.0000            1.0000            1.0000            1.0000
c18             1.0000            1.0000            1.0000            1.0000            1.0000
c28             0.0924            0.0681            0.0887            0.0839            0.0833
c19             1.0000            1.0000            1.0000            1.0000            1.0000
c29             0.1014            0.0807            0.1011            0.0950            0.1010
c110            0.1121            0.0890            0.1147            0.1013            0.1141
c210            1.0000            1.0000            1.0000            1.0000            1.0000
c111            0.9752            0.9899            0.9850            0.9740            0.9927
c211            0.1033            0.0822            0.1030            0.0968            0.1029
c112            0.9809            0.9998            0.9877            0.9853            0.9963
c212            0.1220            0.0957            0.1158            0.1023            0.1312
c113            0.9604            0.9803            0.9848            0.9655            0.9746
c213            0.1135            0.0892            0.1042            0.0978            0.1206
c114            0.1135            0.0892            0.1042            0.0978            0.1206
c214            0.9599            0.9692            0.9844            0.9601            0.9724
c115            0.9290            0.9391            0.9778            0.9288            0.9536
c215            0.0952            0.0792            0.0776            0.0858            0.1034
c116            0.0860            0.0733            0.0779            0.0864            0.0863
c216            0.9166            0.9261            0.9441            0.9087            0.9439
c117            0.9021            0.9188            0.9407            0.8968            0.9311
     cluster_center.18 cluster_center.19 cluster_center.20
c1               1.000             1.000             1.000
c2               0.000             0.000             0.000
c11           0.005721          0.015226          0.013694
c21           1.000000          1.000000          1.000000
c12           0.005721          0.015226          0.013694
c22           0.986971          0.995267          0.986867
c13            0.98697           0.99527           0.98687
c23            0.01075           0.01558           0.02690
c14             0.9867            0.9952            0.9866
c24             0.0153            0.0239            0.0306
c15            0.97411           0.97974           0.96794
c25            0.01559           0.02433           0.03120
c16             1.0000            1.0000            1.0000
c26             0.0396            0.0423            0.0526
c17             0.0476            0.0474            0.0600
c27             1.0000            1.0000            1.0000
c18             1.0000            1.0000            1.0000
c28             0.0484            0.0634            0.0705
c19             1.0000            1.0000            1.0000
c29             0.0493            0.0693            0.0754
c110            0.0634            0.0707            0.0755
c210            1.0000            1.0000            1.0000
c111            0.9870            0.9676            0.9779
c211            0.0503            0.0706            0.0768
c112            0.9904            0.9851            0.9973
c212            0.0767            0.0844            0.0889
c113            0.9747            0.9566            0.9639
c213            0.0640            0.0848            0.0907
c114            0.0640            0.0848            0.0907
c214            0.9747            0.9385            0.9506
c115            0.9475            0.9040            0.9123
c215            0.0538            0.0702            0.0882
c116            0.0400            0.0563            0.0750
c216            0.9251            0.9005            0.9066
c117            0.9243            0.8962            0.9056
 [ reached 'max' / getOption("max.print") -- omitted 167 rows ]
