    Step         X1        X2
1      0 0.00000000 0.0000000
2      0 0.00000000 0.0000000
3      0 0.00000000 0.0000000
4      0 0.00000000 0.0000000
5      0 0.00000000 0.0000000
6      0 0.00000000 0.0000000
7      0 0.00000000 0.0000000
8      0 0.00000000 0.0000000
9      0 0.00000000 0.0000000
10     0 0.00000000 0.0000000
11     0 0.00000000 0.0000000
12     0 0.00000000 0.0000000
13     0 0.00000000 0.0000000
14     0 0.00000000 0.0000000
15     0 0.00000000 0.0000000
16     0 0.00000000 0.0000000
17     0 0.00000000 0.0000000
18     0 0.00000000 0.0000000
19     0 0.00000000 0.0000000
20     0 0.00000000 0.0000000
21     0 0.00000000 0.0000000
22     0 0.00000000 0.0000000
23     0 0.00000000 0.0000000
24     0 0.00000000 0.0000000
25     0 0.00000000 0.0000000
26     0 0.00000000 0.0000000
27     0 0.00000000 0.0000000
28     0 0.00000000 0.0000000
29     0 0.00000000 0.0000000
30     0 0.00000000 0.0000000
31     0 0.00000000 0.0000000
32     0 0.00000000 0.0000000
33     0 0.00000000 0.0000000
34     0 0.00000000 0.0000000
35     0 0.00000000 0.0000000
36     0 0.00000000 0.0000000
37     0 0.00000000 0.0000000
38     0 0.00000000 0.0000000
39     0 0.00000000 0.0000000
40     0 0.00000000 0.0000000
41     0 0.00000000 0.0000000
42     0 0.00000000 0.0000000
43     0 0.00000000 0.0000000
44     0 0.00000000 0.0000000
45     0 0.00000000 0.0000000
46     0 0.00000000 0.0000000
47     0 0.00000000 0.0000000
48     0 0.00000000 0.0000000
49     0 0.00000000 0.0000000
50     0 0.00000000 0.0000000
51     0 1.00000000 1.0000000
52     0 1.00000000 1.0000000
53     0 1.00000000 1.0000000
54     0 1.00000000 1.0000000
55     0 1.00000000 1.0000000
56     0 1.00000000 1.0000000
57     0 1.00000000 1.0000000
58     0 1.00000000 1.0000000
59     0 1.00000000 1.0000000
60     0 1.00000000 1.0000000
61     0 1.00000000 1.0000000
62     0 1.00000000 1.0000000
63     0 1.00000000 1.0000000
64     0 1.00000000 1.0000000
65     0 1.00000000 1.0000000
66     0 1.00000000 1.0000000
67     0 1.00000000 1.0000000
68     0 1.00000000 1.0000000
69     0 1.00000000 1.0000000
70     0 1.00000000 1.0000000
71     0 1.00000000 1.0000000
72     0 1.00000000 1.0000000
73     0 1.00000000 1.0000000
74     0 1.00000000 1.0000000
75     0 1.00000000 1.0000000
76     0 1.00000000 1.0000000
77     0 1.00000000 1.0000000
78     0 1.00000000 1.0000000
79     0 1.00000000 1.0000000
80     0 1.00000000 1.0000000
81     0 1.00000000 1.0000000
82     0 1.00000000 1.0000000
83     0 1.00000000 1.0000000
84     0 1.00000000 1.0000000
85     0 1.00000000 1.0000000
86     0 1.00000000 1.0000000
87     0 1.00000000 1.0000000
88     0 1.00000000 1.0000000
89     0 1.00000000 1.0000000
90     0 1.00000000 1.0000000
91     0 1.00000000 1.0000000
92     0 1.00000000 1.0000000
93     0 1.00000000 1.0000000
94     0 1.00000000 1.0000000
95     0 1.00000000 1.0000000
96     0 1.00000000 1.0000000
97     0 1.00000000 1.0000000
98     0 1.00000000 1.0000000
99     0 1.00000000 1.0000000
100    0 1.00000000 1.0000000
101    1 0.82493412 0.2714754
102    1 0.00000000 0.0000000
103    1 0.00000000 0.0000000
104    1 0.00000000 0.0000000
105    1 0.00000000 0.0000000
106    1 0.00000000 0.0000000
107    1 0.00000000 0.0000000
108    1 0.00000000 0.0000000
109    1 0.00000000 0.0000000
110    1 0.00000000 0.0000000
111    1 0.00000000 0.0000000
112    1 0.00000000 0.0000000
113    1 0.00000000 0.0000000
114    1 0.00000000 0.0000000
115    1 0.00000000 0.0000000
116    1 0.00000000 0.0000000
117    1 0.00000000 0.0000000
118    1 0.00000000 0.0000000
119    1 0.00000000 0.0000000
120    1 0.00000000 0.0000000
121    1 0.00000000 0.0000000
122    1 0.00000000 0.0000000
123    1 0.00000000 0.0000000
124    1 0.00000000 0.0000000
125    1 0.00000000 0.0000000
126    1 0.00000000 0.0000000
127    1 0.00000000 0.0000000
128    1 0.00000000 0.0000000
129    1 0.00000000 0.0000000
130    1 0.00000000 0.0000000
131    1 0.00000000 0.0000000
132    1 0.00000000 0.0000000
133    1 0.00000000 0.0000000
134    1 0.00000000 0.0000000
135    1 0.00000000 0.0000000
136    1 0.00000000 0.0000000
137    1 0.00000000 0.0000000
138    1 0.00000000 0.0000000
139    1 0.00000000 0.0000000
140    1 0.00000000 0.0000000
141    1 0.00000000 0.0000000
142    1 0.00000000 0.0000000
143    1 0.00000000 0.0000000
144    1 0.00000000 0.0000000
145    1 0.00000000 0.0000000
146    1 0.00000000 0.0000000
147    1 0.00000000 0.0000000
148    1 0.00000000 0.0000000
149    1 0.00000000 0.0000000
150    1 0.00000000 0.0000000
151    1 1.00000000 1.0000000
152    1 1.00000000 1.0000000
153    1 1.00000000 1.0000000
154    1 1.00000000 1.0000000
155    1 1.00000000 1.0000000
156    1 1.00000000 1.0000000
157    1 1.00000000 1.0000000
158    1 1.00000000 1.0000000
159    1 1.00000000 1.0000000
160    1 1.00000000 1.0000000
161    1 1.00000000 1.0000000
162    1 1.00000000 1.0000000
163    1 1.00000000 1.0000000
164    1 1.00000000 1.0000000
165    1 1.00000000 1.0000000
166    1 1.00000000 1.0000000
167    1 1.00000000 1.0000000
168    1 1.00000000 1.0000000
169    1 1.00000000 1.0000000
170    1 1.00000000 1.0000000
171    1 1.00000000 1.0000000
172    1 1.00000000 1.0000000
173    1 1.00000000 1.0000000
174    1 1.00000000 1.0000000
175    1 1.00000000 1.0000000
176    1 1.00000000 1.0000000
177    1 1.00000000 1.0000000
178    1 1.00000000 1.0000000
179    1 1.00000000 1.0000000
180    1 1.00000000 1.0000000
181    1 1.00000000 1.0000000
182    1 1.00000000 1.0000000
183    1 1.00000000 1.0000000
184    1 1.00000000 1.0000000
185    1 1.00000000 1.0000000
186    1 1.00000000 1.0000000
187    1 1.00000000 1.0000000
188    1 1.00000000 1.0000000
189    1 1.00000000 1.0000000
190    1 1.00000000 1.0000000
191    1 1.00000000 1.0000000
192    1 1.00000000 1.0000000
193    1 1.00000000 1.0000000
194    1 1.00000000 1.0000000
195    1 1.00000000 1.0000000
196    1 1.00000000 1.0000000
197    1 1.00000000 1.0000000
198    1 1.00000000 1.0000000
199    1 1.00000000 1.0000000
200    1 1.00000000 1.0000000
201    2 0.82493412 0.2714754
202    2 0.00000000 0.0000000
203    2 0.00000000 0.0000000
204    2 0.00000000 0.0000000
205    2 0.00000000 0.0000000
206    2 0.00000000 0.0000000
207    2 0.00000000 0.0000000
208    2 0.00000000 0.0000000
209    2 0.00000000 0.0000000
210    2 0.00000000 0.0000000
211    2 0.00000000 0.0000000
212    2 0.00000000 0.0000000
213    2 0.00000000 0.0000000
214    2 0.00000000 0.0000000
215    2 0.00000000 0.0000000
216    2 0.00000000 0.0000000
217    2 0.00000000 0.0000000
218    2 0.00000000 0.0000000
219    2 0.00000000 0.0000000
220    2 0.00000000 0.0000000
221    2 0.00000000 0.0000000
222    2 0.00000000 0.0000000
223    2 0.00000000 0.0000000
224    2 0.00000000 0.0000000
225    2 0.00000000 0.0000000
226    2 0.00000000 0.0000000
227    2 0.00000000 0.0000000
228    2 0.00000000 0.0000000
229    2 0.00000000 0.0000000
230    2 0.00000000 0.0000000
231    2 0.00000000 0.0000000
232    2 0.00000000 0.0000000
233    2 0.00000000 0.0000000
234    2 0.00000000 0.0000000
235    2 0.00000000 0.0000000
236    2 0.00000000 0.0000000
237    2 0.00000000 0.0000000
238    2 0.00000000 0.0000000
239    2 0.00000000 0.0000000
240    2 0.00000000 0.0000000
241    2 0.00000000 0.0000000
242    2 0.00000000 0.0000000
243    2 0.00000000 0.0000000
244    2 0.00000000 0.0000000
245    2 0.00000000 0.0000000
246    2 0.00000000 0.0000000
247    2 0.00000000 0.0000000
248    2 0.00000000 0.0000000
249    2 0.00000000 0.0000000
250    2 0.00000000 0.0000000
251    2 0.05095313 0.3354592
252    2 1.00000000 1.0000000
253    2 1.00000000 1.0000000
254    2 1.00000000 1.0000000
255    2 1.00000000 1.0000000
256    2 1.00000000 1.0000000
257    2 1.00000000 1.0000000
258    2 1.00000000 1.0000000
259    2 1.00000000 1.0000000
260    2 1.00000000 1.0000000
261    2 1.00000000 1.0000000
262    2 1.00000000 1.0000000
263    2 1.00000000 1.0000000
264    2 1.00000000 1.0000000
265    2 1.00000000 1.0000000
266    2 1.00000000 1.0000000
267    2 1.00000000 1.0000000
268    2 1.00000000 1.0000000
269    2 1.00000000 1.0000000
270    2 1.00000000 1.0000000
271    2 1.00000000 1.0000000
272    2 1.00000000 1.0000000
273    2 1.00000000 1.0000000
274    2 1.00000000 1.0000000
275    2 1.00000000 1.0000000
276    2 1.00000000 1.0000000
277    2 1.00000000 1.0000000
278    2 1.00000000 1.0000000
279    2 1.00000000 1.0000000
280    2 1.00000000 1.0000000
281    2 1.00000000 1.0000000
282    2 1.00000000 1.0000000
283    2 1.00000000 1.0000000
284    2 1.00000000 1.0000000
285    2 1.00000000 1.0000000
286    2 1.00000000 1.0000000
287    2 1.00000000 1.0000000
288    2 1.00000000 1.0000000
289    2 1.00000000 1.0000000
290    2 1.00000000 1.0000000
291    2 1.00000000 1.0000000
292    2 1.00000000 1.0000000
293    2 1.00000000 1.0000000
294    2 1.00000000 1.0000000
295    2 1.00000000 1.0000000
296    2 1.00000000 1.0000000
297    2 1.00000000 1.0000000
298    2 1.00000000 1.0000000
299    2 1.00000000 1.0000000
300    2 1.00000000 1.0000000
301    3 0.82493412 0.2714754
302    3 0.18228746 0.9380408
303    3 0.00000000 0.0000000
304    3 0.00000000 0.0000000
305    3 0.00000000 0.0000000
306    3 0.00000000 0.0000000
307    3 0.00000000 0.0000000
308    3 0.00000000 0.0000000
309    3 0.00000000 0.0000000
310    3 0.00000000 0.0000000
311    3 0.00000000 0.0000000
312    3 0.00000000 0.0000000
313    3 0.00000000 0.0000000
314    3 0.00000000 0.0000000
315    3 0.00000000 0.0000000
316    3 0.00000000 0.0000000
317    3 0.00000000 0.0000000
318    3 0.00000000 0.0000000
319    3 0.00000000 0.0000000
320    3 0.00000000 0.0000000
321    3 0.00000000 0.0000000
322    3 0.00000000 0.0000000
323    3 0.00000000 0.0000000
324    3 0.00000000 0.0000000
325    3 0.00000000 0.0000000
326    3 0.00000000 0.0000000
327    3 0.00000000 0.0000000
328    3 0.00000000 0.0000000
329    3 0.00000000 0.0000000
330    3 0.00000000 0.0000000
331    3 0.00000000 0.0000000
332    3 0.00000000 0.0000000
333    3 0.00000000 0.0000000
 [ reached 'max' / getOption("max.print") -- omitted 9767 rows ]
    Step Cluster        X1        X2
1      0       2 0.0000000 0.0000000
2      0       2 0.0000000 0.0000000
3      0       2 0.0000000 0.0000000
4      0       2 0.0000000 0.0000000
5      0       2 0.0000000 0.0000000
6      0       2 0.0000000 0.0000000
7      0       2 0.0000000 0.0000000
8      0       2 0.0000000 0.0000000
9      0       2 0.0000000 0.0000000
10     0       2 0.0000000 0.0000000
11     0       2 0.0000000 0.0000000
12     0       2 0.0000000 0.0000000
13     0       2 0.0000000 0.0000000
14     0       2 0.0000000 0.0000000
15     0       2 0.0000000 0.0000000
16     0       2 0.0000000 0.0000000
17     0       2 0.0000000 0.0000000
18     0       2 0.0000000 0.0000000
19     0       2 0.0000000 0.0000000
20     0       2 0.0000000 0.0000000
21     0       2 0.0000000 0.0000000
22     0       2 0.0000000 0.0000000
23     0       2 0.0000000 0.0000000
24     0       2 0.0000000 0.0000000
25     0       2 0.0000000 0.0000000
26     0       2 0.0000000 0.0000000
27     0       2 0.0000000 0.0000000
28     0       2 0.0000000 0.0000000
29     0       2 0.0000000 0.0000000
30     0       2 0.0000000 0.0000000
31     0       2 0.0000000 0.0000000
32     0       2 0.0000000 0.0000000
33     0       2 0.0000000 0.0000000
34     0       2 0.0000000 0.0000000
35     0       2 0.0000000 0.0000000
36     0       2 0.0000000 0.0000000
37     0       2 0.0000000 0.0000000
38     0       2 0.0000000 0.0000000
39     0       2 0.0000000 0.0000000
40     0       2 0.0000000 0.0000000
41     0       2 0.0000000 0.0000000
42     0       2 0.0000000 0.0000000
43     0       2 0.0000000 0.0000000
44     0       2 0.0000000 0.0000000
45     0       2 0.0000000 0.0000000
46     0       2 0.0000000 0.0000000
47     0       2 0.0000000 0.0000000
48     0       2 0.0000000 0.0000000
49     0       2 0.0000000 0.0000000
50     0       2 0.0000000 0.0000000
51     0       1 1.0000000 1.0000000
52     0       1 1.0000000 1.0000000
53     0       1 1.0000000 1.0000000
54     0       1 1.0000000 1.0000000
55     0       1 1.0000000 1.0000000
56     0       1 1.0000000 1.0000000
57     0       1 1.0000000 1.0000000
58     0       1 1.0000000 1.0000000
59     0       1 1.0000000 1.0000000
60     0       1 1.0000000 1.0000000
61     0       1 1.0000000 1.0000000
62     0       1 1.0000000 1.0000000
63     0       1 1.0000000 1.0000000
64     0       1 1.0000000 1.0000000
65     0       1 1.0000000 1.0000000
66     0       1 1.0000000 1.0000000
67     0       1 1.0000000 1.0000000
68     0       1 1.0000000 1.0000000
69     0       1 1.0000000 1.0000000
70     0       1 1.0000000 1.0000000
71     0       1 1.0000000 1.0000000
72     0       1 1.0000000 1.0000000
73     0       1 1.0000000 1.0000000
74     0       1 1.0000000 1.0000000
75     0       1 1.0000000 1.0000000
76     0       1 1.0000000 1.0000000
77     0       1 1.0000000 1.0000000
78     0       1 1.0000000 1.0000000
79     0       1 1.0000000 1.0000000
80     0       1 1.0000000 1.0000000
81     0       1 1.0000000 1.0000000
82     0       1 1.0000000 1.0000000
83     0       1 1.0000000 1.0000000
84     0       1 1.0000000 1.0000000
85     0       1 1.0000000 1.0000000
86     0       1 1.0000000 1.0000000
87     0       1 1.0000000 1.0000000
88     0       1 1.0000000 1.0000000
89     0       1 1.0000000 1.0000000
90     0       1 1.0000000 1.0000000
91     0       1 1.0000000 1.0000000
92     0       1 1.0000000 1.0000000
93     0       1 1.0000000 1.0000000
94     0       1 1.0000000 1.0000000
95     0       1 1.0000000 1.0000000
96     0       1 1.0000000 1.0000000
97     0       1 1.0000000 1.0000000
98     0       1 1.0000000 1.0000000
99     0       1 1.0000000 1.0000000
100    0       1 1.0000000 1.0000000
101    1       1 0.8249341 0.2714754
102    1       2 0.0000000 0.0000000
103    1       2 0.0000000 0.0000000
104    1       2 0.0000000 0.0000000
105    1       2 0.0000000 0.0000000
106    1       2 0.0000000 0.0000000
107    1       2 0.0000000 0.0000000
108    1       2 0.0000000 0.0000000
109    1       2 0.0000000 0.0000000
110    1       2 0.0000000 0.0000000
111    1       2 0.0000000 0.0000000
112    1       2 0.0000000 0.0000000
113    1       2 0.0000000 0.0000000
114    1       2 0.0000000 0.0000000
115    1       2 0.0000000 0.0000000
116    1       2 0.0000000 0.0000000
117    1       2 0.0000000 0.0000000
118    1       2 0.0000000 0.0000000
119    1       2 0.0000000 0.0000000
120    1       2 0.0000000 0.0000000
121    1       2 0.0000000 0.0000000
122    1       2 0.0000000 0.0000000
123    1       2 0.0000000 0.0000000
124    1       2 0.0000000 0.0000000
125    1       2 0.0000000 0.0000000
126    1       2 0.0000000 0.0000000
127    1       2 0.0000000 0.0000000
128    1       2 0.0000000 0.0000000
129    1       2 0.0000000 0.0000000
130    1       2 0.0000000 0.0000000
131    1       2 0.0000000 0.0000000
132    1       2 0.0000000 0.0000000
133    1       2 0.0000000 0.0000000
134    1       2 0.0000000 0.0000000
135    1       2 0.0000000 0.0000000
136    1       2 0.0000000 0.0000000
137    1       2 0.0000000 0.0000000
138    1       2 0.0000000 0.0000000
139    1       2 0.0000000 0.0000000
140    1       2 0.0000000 0.0000000
141    1       2 0.0000000 0.0000000
142    1       2 0.0000000 0.0000000
143    1       2 0.0000000 0.0000000
144    1       2 0.0000000 0.0000000
145    1       2 0.0000000 0.0000000
146    1       2 0.0000000 0.0000000
147    1       2 0.0000000 0.0000000
148    1       2 0.0000000 0.0000000
149    1       2 0.0000000 0.0000000
150    1       2 0.0000000 0.0000000
151    1       1 1.0000000 1.0000000
152    1       1 1.0000000 1.0000000
153    1       1 1.0000000 1.0000000
154    1       1 1.0000000 1.0000000
155    1       1 1.0000000 1.0000000
156    1       1 1.0000000 1.0000000
157    1       1 1.0000000 1.0000000
158    1       1 1.0000000 1.0000000
159    1       1 1.0000000 1.0000000
160    1       1 1.0000000 1.0000000
161    1       1 1.0000000 1.0000000
162    1       1 1.0000000 1.0000000
163    1       1 1.0000000 1.0000000
164    1       1 1.0000000 1.0000000
165    1       1 1.0000000 1.0000000
166    1       1 1.0000000 1.0000000
167    1       1 1.0000000 1.0000000
168    1       1 1.0000000 1.0000000
169    1       1 1.0000000 1.0000000
170    1       1 1.0000000 1.0000000
171    1       1 1.0000000 1.0000000
172    1       1 1.0000000 1.0000000
173    1       1 1.0000000 1.0000000
174    1       1 1.0000000 1.0000000
175    1       1 1.0000000 1.0000000
176    1       1 1.0000000 1.0000000
177    1       1 1.0000000 1.0000000
178    1       1 1.0000000 1.0000000
179    1       1 1.0000000 1.0000000
180    1       1 1.0000000 1.0000000
181    1       1 1.0000000 1.0000000
182    1       1 1.0000000 1.0000000
183    1       1 1.0000000 1.0000000
184    1       1 1.0000000 1.0000000
185    1       1 1.0000000 1.0000000
186    1       1 1.0000000 1.0000000
187    1       1 1.0000000 1.0000000
188    1       1 1.0000000 1.0000000
189    1       1 1.0000000 1.0000000
190    1       1 1.0000000 1.0000000
191    1       1 1.0000000 1.0000000
192    1       1 1.0000000 1.0000000
193    1       1 1.0000000 1.0000000
194    1       1 1.0000000 1.0000000
195    1       1 1.0000000 1.0000000
196    1       1 1.0000000 1.0000000
197    1       1 1.0000000 1.0000000
198    1       1 1.0000000 1.0000000
199    1       1 1.0000000 1.0000000
200    1       1 1.0000000 1.0000000
201    2       2 0.8249341 0.2714754
202    2       1 0.0000000 0.0000000
203    2       1 0.0000000 0.0000000
204    2       1 0.0000000 0.0000000
205    2       1 0.0000000 0.0000000
206    2       1 0.0000000 0.0000000
207    2       1 0.0000000 0.0000000
208    2       1 0.0000000 0.0000000
209    2       1 0.0000000 0.0000000
210    2       1 0.0000000 0.0000000
211    2       1 0.0000000 0.0000000
212    2       1 0.0000000 0.0000000
213    2       1 0.0000000 0.0000000
214    2       1 0.0000000 0.0000000
215    2       1 0.0000000 0.0000000
216    2       1 0.0000000 0.0000000
217    2       1 0.0000000 0.0000000
218    2       1 0.0000000 0.0000000
219    2       1 0.0000000 0.0000000
220    2       1 0.0000000 0.0000000
221    2       1 0.0000000 0.0000000
222    2       1 0.0000000 0.0000000
223    2       1 0.0000000 0.0000000
224    2       1 0.0000000 0.0000000
225    2       1 0.0000000 0.0000000
226    2       1 0.0000000 0.0000000
227    2       1 0.0000000 0.0000000
228    2       1 0.0000000 0.0000000
229    2       1 0.0000000 0.0000000
230    2       1 0.0000000 0.0000000
231    2       1 0.0000000 0.0000000
232    2       1 0.0000000 0.0000000
233    2       1 0.0000000 0.0000000
234    2       1 0.0000000 0.0000000
235    2       1 0.0000000 0.0000000
236    2       1 0.0000000 0.0000000
237    2       1 0.0000000 0.0000000
238    2       1 0.0000000 0.0000000
239    2       1 0.0000000 0.0000000
240    2       1 0.0000000 0.0000000
241    2       1 0.0000000 0.0000000
242    2       1 0.0000000 0.0000000
243    2       1 0.0000000 0.0000000
244    2       1 0.0000000 0.0000000
245    2       1 0.0000000 0.0000000
246    2       1 0.0000000 0.0000000
247    2       1 0.0000000 0.0000000
248    2       1 0.0000000 0.0000000
249    2       1 0.0000000 0.0000000
250    2       1 0.0000000 0.0000000
 [ reached 'max' / getOption("max.print") -- omitted 9850 rows ]
     Step intracls_average.c1 intracls_average.c2 intracls_centroid.c1 intracls_centroid.c2
c1      0               0.000               0.000 0.000000000000000628 0.000000000000000000
c2      0               0.000               0.000 0.000000000000000628 0.000000000000000000
c11     1              0.0294              0.0000               0.0288               0.0000
c21     1              0.0294              0.0000               0.0288               0.0000
c12     2              0.0136              0.0300               0.0133               0.0294
c22     2              0.0136              0.0300               0.0133               0.0294
c13     3              0.0138              0.0610               0.0136               0.0539
c23     3              0.0138              0.0610               0.0136               0.0539
c14     4              0.0975              0.0138               0.0871               0.0136
c24     4              0.0975              0.0138               0.0871               0.0136
c15     5              0.0975              0.0523               0.0871               0.0507
c25     5              0.0975              0.0523               0.0871               0.0507
c16     6              0.0529              0.0994               0.0504               0.0888
c26     6              0.0529              0.0994               0.0504               0.0888
c17     7               0.054               0.113               0.0513               0.1007
c27     7               0.054               0.113               0.0513               0.1007
c18     8              0.1684              0.0158               0.1524               0.0151
c28     8              0.1684              0.0158               0.1524               0.0151
c19     9              0.1841              0.0162               0.1672               0.0154
c29     9              0.1841              0.0162               0.1672               0.0154
c110   10              0.0312              0.1874               0.0281               0.1700
c210   10              0.0312              0.1874               0.0281               0.1700
c111   11              0.0318              0.1994               0.0286               0.1777
c211   11              0.0318              0.1994               0.0286               0.1777
c112   12              0.2087              0.0318               0.1847               0.0286
c212   12              0.2087              0.0318               0.1847               0.0286
c113   13              0.2087              0.0597               0.1847               0.0537
c213   13              0.2087              0.0597               0.1847               0.0537
c114   14              0.2122              0.0627               0.1876               0.0557
c214   14              0.2122              0.0627               0.1876               0.0557
c115   15              0.2122              0.0933               0.1876               0.0798
c215   15              0.2122              0.0933               0.1876               0.0798
c116   16              0.0933              0.2356               0.0798               0.2082
c216   16              0.0933              0.2356               0.0798               0.2082
c117   17               0.236               0.111               0.2082               0.0955
c217   17               0.236               0.111               0.2082               0.0955
c118   18               0.111               0.252               0.0955               0.2225
c218   18               0.111               0.252               0.0955               0.2225
c119   19               0.252               0.122                0.222                0.104
c219   19               0.252               0.122                0.222                0.104
c120   20               0.272               0.122                0.237                0.104
c220   20               0.272               0.122                0.237                0.104
c121   21               0.148               0.272                0.127                0.237
c221   21               0.148               0.272                0.127                0.237
c122   22               0.293               0.148                0.253                0.127
c222   22               0.293               0.148                0.253                0.127
c123   23               0.293               0.161                0.253                0.138
c223   23               0.293               0.161                0.253                0.138
c124   24               0.307               0.161                0.264                0.138
c224   24               0.307               0.161                0.264                0.138
c125   25               0.164               0.319                0.141                0.274
c225   25               0.164               0.319                0.141                0.274
c126   26               0.187               0.323                0.161                0.277
c226   26               0.187               0.323                0.161                0.277
c127   27               0.200               0.323                0.171                0.277
c227   27               0.200               0.323                0.171                0.277
c128   28               0.220               0.328                0.186                0.281
c228   28               0.220               0.328                0.186                0.281
c129   29               0.341               0.224                0.292                0.189
c229   29               0.341               0.224                0.292                0.189
c130   30               0.222               0.346                0.186                0.295
c230   30               0.222               0.346                0.186                0.295
c131   31               0.226               0.358                0.189                0.304
c231   31               0.226               0.358                0.189                0.304
c132   32               0.226               0.365                0.189                0.307
c232   32               0.226               0.365                0.189                0.307
c133   33               0.369               0.230                0.309                0.192
c233   33               0.369               0.230                0.309                0.192
c134   34               0.230               0.379                0.192                0.317
c234   34               0.230               0.379                0.192                0.317
c135   35               0.234               0.398                0.195                0.328
c235   35               0.234               0.398                0.195                0.328
c136   36               0.415               0.234                0.339                0.195
c236   36               0.415               0.234                0.339                0.195
c137   37               0.239               0.423                0.198                0.345
c237   37               0.239               0.423                0.198                0.345
c138   38               0.239               0.429                0.198                0.348
c238   38               0.239               0.429                0.198                0.348
c139   39               0.224               0.449                0.184                0.363
c239   39               0.224               0.449                0.184                0.363
c140   40               0.224               0.451                0.184                0.360
c240   40               0.224               0.451                0.184                0.360
c141   41               0.228               0.453                0.187                0.360
c241   41               0.228               0.453                0.187                0.360
c142   42               0.228               0.462                0.187                0.367
c242   42               0.228               0.462                0.187                0.367
c143   43               0.419               0.313                0.334                0.258
c243   43               0.419               0.313                0.334                0.258
c144   44               0.207               0.473                0.171                0.370
c244   44               0.207               0.473                0.171                0.370
c145   45               0.461               0.237                0.360                0.194
c245   45               0.461               0.237                0.360                0.194
c146   46               0.478               0.211                0.372                0.174
c246   46               0.478               0.211                0.372                0.174
c147   47               0.476               0.216                0.368                0.177
c247   47               0.476               0.216                0.368                0.177
c148   48               0.223               0.479                0.183                0.370
c248   48               0.223               0.479                0.183                0.370
c149   49               0.484               0.228                0.373                0.186
c249   49               0.484               0.228                0.373                0.186
     intercls_centroid.c1 intercls_centroid.c2 cluster_size cluster_center.1 cluster_center.2
c1                  0.000                1.414           50            1.000            1.000
c2                  1.414                0.000           50            0.000            0.000
c11                 0.000                1.402           51            0.997            0.986
c21                 1.402                0.000           49            0.000            0.000
c12                 0.000                1.396           50          0.00102          0.00671
c22                 1.396                0.000           50          0.99650          0.98543
c13                 0.000                1.384           49          0.00104          0.00685
c23                 1.384                0.000           51          0.98053          0.98450
c14                 0.000                1.370           51          0.96142          0.98426
c24                 1.370                0.000           49          0.00104          0.00685
c15                 0.000                1.356           51          0.96142          0.98426
c25                 1.356                0.000           49          0.00104          0.02638
c16                 0.000                1.355           50          0.00169          0.02638
c26                 1.355                0.000           50          0.96065          0.98394
c17                 0.000                1.347           49          0.00173          0.02692
c27                 1.347                0.000           51          0.95624          0.97738
c18                 0.000                1.336           52          0.92533          0.97244
c28                 1.336                0.000           48          0.00176          0.00754
c19                 0.000                1.326           53           0.9159           0.9689
c29                 1.326                0.000           47           0.0018           0.0077
c110                0.000                1.318           48           0.0090           0.0106
c210                1.318                0.000           52           0.9143           0.9683
c111                0.000                1.311           47          0.00919          0.01082
c211                1.311                0.000           53          0.91382          0.95992
c112                0.000                1.305           53          0.90899          0.95581
c212                1.305                0.000           47          0.00919          0.01082
c113                0.000                1.293           53           0.9090           0.9558
c213                1.293                0.000           47           0.0232           0.0145
c114                0.000                1.289           52           0.9072           0.9550
c214                1.289                0.000           48           0.0251           0.0146
c115                0.000                1.277           52           0.9072           0.9550
c215                1.277                0.000           48           0.0261           0.0308
c116                0.000                1.266           48           0.0261           0.0308
c216                1.266                0.000           52           0.8921           0.9545
c117                0.000                1.257           52           0.8921           0.9545
c217                1.257                0.000           48           0.0353           0.0353
c118                0.000                1.246           48           0.0353           0.0353
c218                1.246                0.000           52           0.8812           0.9505
c119                0.000                1.241           52           0.8812           0.9505
c219                1.241                0.000           48           0.0418           0.0359
c120                0.000                1.229           52           0.8762           0.9381
c220                1.229                0.000           48           0.0418           0.0359
c121                0.000                1.216           48           0.0562           0.0406
c221                1.216                0.000           52           0.8762           0.9381
c122                0.000                1.202           52           0.8706           0.9247
c222                1.202                0.000           48           0.0562           0.0406
c123                0.000                1.195           52           0.8706           0.9247
c223                1.195                0.000           48           0.0646           0.0429
c124                0.000                1.184           52           0.8654           0.9147
c224                1.184                0.000           48           0.0646           0.0429
c125                0.000                1.175           47           0.0660           0.0439
c225                1.175                0.000           53           0.8551           0.9147
c126                0.000                1.161           48           0.0810           0.0449
c226                1.161                0.000           52           0.8523           0.9131
c127                0.000                1.153           48           0.0888           0.0496
c227                1.153                0.000           52           0.8523           0.9131
c128                0.000                1.140           49           0.0881           0.0633
c228                1.140                0.000           51           0.8494           0.9114
c129                0.000                1.128           52           0.8384           0.9085
c229                1.128                0.000           48           0.0900           0.0647
c130                0.000                1.125           49           0.0884           0.0650
c230                1.125                0.000           51           0.8353           0.9067
c131                0.000                1.114           48           0.0902           0.0664
c231                1.114                0.000           52           0.8341           0.8949
c132                0.000                1.108           48           0.0902           0.0664
c232                1.108                0.000           52           0.8269           0.8935
c133                0.000                1.102           53           0.8208           0.8946
c233                1.102                0.000           47           0.0921           0.0678
c134                0.000                1.091           47           0.0921           0.0678
c234                1.091                0.000           53           0.8111           0.8885
c135                0.000                1.079           46           0.0941           0.0692
c235                1.079                0.000           54           0.8137           0.8730
c136                0.000                1.068           54           0.8132           0.8590
c236                1.068                0.000           46           0.0941           0.0692
c137                0.000                1.057           45           0.0962           0.0708
c237                1.057                0.000           55           0.8123           0.8486
c138                0.000                1.049           45           0.0962           0.0708
c238                1.049                0.000           55           0.8039           0.8458
c139                0.000                1.041           43           0.0846           0.0688
c239                1.041                0.000           57           0.8023           0.8226
c140                0.000                1.036           43           0.0846           0.0688
c240                1.036                0.000           57           0.7978           0.8201
c141                0.000                1.030           42           0.0866           0.0704
c241                1.030                0.000           58           0.7920           0.8207
c142                0.000                1.017           42           0.0866           0.0704
c242                1.017                0.000           58           0.7843           0.8098
c143                0.000                1.001           55           0.7849           0.8555
c243                1.001                0.000           45           0.1478           0.0833
c144                0.000                1.010           40           0.0713           0.0716
c244                1.010                0.000           60           0.7800           0.7918
c145                0.000                1.005           60           0.7786           0.8062
c245                1.005                0.000           40           0.0909           0.0740
c146                0.000                0.999           61           0.7767           0.7830
c246                0.999                0.000           39           0.0732           0.0734
c147                0.000                0.996           62           0.7779           0.7812
c247                0.996                0.000           38           0.0751           0.0754
c148                0.000                0.986           39           0.0827           0.0751
c248                0.986                0.000           61           0.7742           0.7776
c149                0.000                0.976           62           0.7736           0.7689
c249                0.976                0.000           38           0.0849           0.0770
 [ reached 'max' / getOption("max.print") -- omitted 102 rows ]
