   Step X1 X2 X3 X4 X5 X6 X7 X8 X9 X10 X11 X12 X13 X14 X15 X16 X17 X18 X19 X20 X21 X22 X23 X24 X25
1     0  0  0  0  0  0  0  0  0  0   0   0   0   0   0   0   0   0   0   0   0   0   0   0   0   0
2     0  0  0  0  0  0  0  0  0  0   0   0   0   0   0   0   0   0   0   0   0   0   0   0   0   0
3     0  0  0  0  0  0  0  0  0  0   0   0   0   0   0   0   0   0   0   0   0   0   0   0   0   0
4     0  0  0  0  0  0  0  0  0  0   0   0   0   0   0   0   0   0   0   0   0   0   0   0   0   0
5     0  0  0  0  0  0  0  0  0  0   0   0   0   0   0   0   0   0   0   0   0   0   0   0   0   0
6     0  0  0  0  0  0  0  0  0  0   0   0   0   0   0   0   0   0   0   0   0   0   0   0   0   0
7     0  0  0  0  0  0  0  0  0  0   0   0   0   0   0   0   0   0   0   0   0   0   0   0   0   0
8     0  0  0  0  0  0  0  0  0  0   0   0   0   0   0   0   0   0   0   0   0   0   0   0   0   0
9     0  0  0  0  0  0  0  0  0  0   0   0   0   0   0   0   0   0   0   0   0   0   0   0   0   0
10    0  0  0  0  0  0  0  0  0  0   0   0   0   0   0   0   0   0   0   0   0   0   0   0   0   0
11    0  0  0  0  0  0  0  0  0  0   0   0   0   0   0   0   0   0   0   0   0   0   0   0   0   0
12    0  0  0  0  0  0  0  0  0  0   0   0   0   0   0   0   0   0   0   0   0   0   0   0   0   0
13    0  0  0  0  0  0  0  0  0  0   0   0   0   0   0   0   0   0   0   0   0   0   0   0   0   0
14    0  0  0  0  0  0  0  0  0  0   0   0   0   0   0   0   0   0   0   0   0   0   0   0   0   0
15    0  0  0  0  0  0  0  0  0  0   0   0   0   0   0   0   0   0   0   0   0   0   0   0   0   0
16    0  0  0  0  0  0  0  0  0  0   0   0   0   0   0   0   0   0   0   0   0   0   0   0   0   0
17    0  0  0  0  0  0  0  0  0  0   0   0   0   0   0   0   0   0   0   0   0   0   0   0   0   0
18    0  0  0  0  0  0  0  0  0  0   0   0   0   0   0   0   0   0   0   0   0   0   0   0   0   0
19    0  0  0  0  0  0  0  0  0  0   0   0   0   0   0   0   0   0   0   0   0   0   0   0   0   0
   X26 X27 X28 X29 X30 X31 X32 X33 X34 X35 X36 X37 X38 X39 X40 X41 X42 X43 X44 X45 X46 X47 X48 X49
1    0   0   0   0   0   0   0   0   0   0   0   0   0   0   0   0   0   0   0   0   0   0   0   0
2    0   0   0   0   0   0   0   0   0   0   0   0   0   0   0   0   0   0   0   0   0   0   0   0
3    0   0   0   0   0   0   0   0   0   0   0   0   0   0   0   0   0   0   0   0   0   0   0   0
4    0   0   0   0   0   0   0   0   0   0   0   0   0   0   0   0   0   0   0   0   0   0   0   0
5    0   0   0   0   0   0   0   0   0   0   0   0   0   0   0   0   0   0   0   0   0   0   0   0
6    0   0   0   0   0   0   0   0   0   0   0   0   0   0   0   0   0   0   0   0   0   0   0   0
7    0   0   0   0   0   0   0   0   0   0   0   0   0   0   0   0   0   0   0   0   0   0   0   0
8    0   0   0   0   0   0   0   0   0   0   0   0   0   0   0   0   0   0   0   0   0   0   0   0
9    0   0   0   0   0   0   0   0   0   0   0   0   0   0   0   0   0   0   0   0   0   0   0   0
10   0   0   0   0   0   0   0   0   0   0   0   0   0   0   0   0   0   0   0   0   0   0   0   0
11   0   0   0   0   0   0   0   0   0   0   0   0   0   0   0   0   0   0   0   0   0   0   0   0
12   0   0   0   0   0   0   0   0   0   0   0   0   0   0   0   0   0   0   0   0   0   0   0   0
13   0   0   0   0   0   0   0   0   0   0   0   0   0   0   0   0   0   0   0   0   0   0   0   0
14   0   0   0   0   0   0   0   0   0   0   0   0   0   0   0   0   0   0   0   0   0   0   0   0
15   0   0   0   0   0   0   0   0   0   0   0   0   0   0   0   0   0   0   0   0   0   0   0   0
16   0   0   0   0   0   0   0   0   0   0   0   0   0   0   0   0   0   0   0   0   0   0   0   0
17   0   0   0   0   0   0   0   0   0   0   0   0   0   0   0   0   0   0   0   0   0   0   0   0
18   0   0   0   0   0   0   0   0   0   0   0   0   0   0   0   0   0   0   0   0   0   0   0   0
19   0   0   0   0   0   0   0   0   0   0   0   0   0   0   0   0   0   0   0   0   0   0   0   0
   X50
1    0
2    0
3    0
4    0
5    0
6    0
7    0
8    0
9    0
10   0
11   0
12   0
13   0
14   0
15   0
16   0
17   0
18   0
19   0
 [ reached 'max' / getOption("max.print") -- omitted 10081 rows ]
   Step Cluster X1 X2 X3 X4 X5 X6 X7 X8 X9 X10 X11 X12 X13 X14 X15 X16 X17 X18 X19 X20 X21 X22 X23
1     0       2  0  0  0  0  0  0  0  0  0   0   0   0   0   0   0   0   0   0   0   0   0   0   0
2     0       2  0  0  0  0  0  0  0  0  0   0   0   0   0   0   0   0   0   0   0   0   0   0   0
3     0       2  0  0  0  0  0  0  0  0  0   0   0   0   0   0   0   0   0   0   0   0   0   0   0
4     0       2  0  0  0  0  0  0  0  0  0   0   0   0   0   0   0   0   0   0   0   0   0   0   0
5     0       2  0  0  0  0  0  0  0  0  0   0   0   0   0   0   0   0   0   0   0   0   0   0   0
6     0       2  0  0  0  0  0  0  0  0  0   0   0   0   0   0   0   0   0   0   0   0   0   0   0
7     0       2  0  0  0  0  0  0  0  0  0   0   0   0   0   0   0   0   0   0   0   0   0   0   0
8     0       2  0  0  0  0  0  0  0  0  0   0   0   0   0   0   0   0   0   0   0   0   0   0   0
9     0       2  0  0  0  0  0  0  0  0  0   0   0   0   0   0   0   0   0   0   0   0   0   0   0
10    0       2  0  0  0  0  0  0  0  0  0   0   0   0   0   0   0   0   0   0   0   0   0   0   0
11    0       2  0  0  0  0  0  0  0  0  0   0   0   0   0   0   0   0   0   0   0   0   0   0   0
12    0       2  0  0  0  0  0  0  0  0  0   0   0   0   0   0   0   0   0   0   0   0   0   0   0
13    0       2  0  0  0  0  0  0  0  0  0   0   0   0   0   0   0   0   0   0   0   0   0   0   0
14    0       2  0  0  0  0  0  0  0  0  0   0   0   0   0   0   0   0   0   0   0   0   0   0   0
15    0       2  0  0  0  0  0  0  0  0  0   0   0   0   0   0   0   0   0   0   0   0   0   0   0
16    0       2  0  0  0  0  0  0  0  0  0   0   0   0   0   0   0   0   0   0   0   0   0   0   0
17    0       2  0  0  0  0  0  0  0  0  0   0   0   0   0   0   0   0   0   0   0   0   0   0   0
18    0       2  0  0  0  0  0  0  0  0  0   0   0   0   0   0   0   0   0   0   0   0   0   0   0
19    0       2  0  0  0  0  0  0  0  0  0   0   0   0   0   0   0   0   0   0   0   0   0   0   0
   X24 X25 X26 X27 X28 X29 X30 X31 X32 X33 X34 X35 X36 X37 X38 X39 X40 X41 X42 X43 X44 X45 X46 X47
1    0   0   0   0   0   0   0   0   0   0   0   0   0   0   0   0   0   0   0   0   0   0   0   0
2    0   0   0   0   0   0   0   0   0   0   0   0   0   0   0   0   0   0   0   0   0   0   0   0
3    0   0   0   0   0   0   0   0   0   0   0   0   0   0   0   0   0   0   0   0   0   0   0   0
4    0   0   0   0   0   0   0   0   0   0   0   0   0   0   0   0   0   0   0   0   0   0   0   0
5    0   0   0   0   0   0   0   0   0   0   0   0   0   0   0   0   0   0   0   0   0   0   0   0
6    0   0   0   0   0   0   0   0   0   0   0   0   0   0   0   0   0   0   0   0   0   0   0   0
7    0   0   0   0   0   0   0   0   0   0   0   0   0   0   0   0   0   0   0   0   0   0   0   0
8    0   0   0   0   0   0   0   0   0   0   0   0   0   0   0   0   0   0   0   0   0   0   0   0
9    0   0   0   0   0   0   0   0   0   0   0   0   0   0   0   0   0   0   0   0   0   0   0   0
10   0   0   0   0   0   0   0   0   0   0   0   0   0   0   0   0   0   0   0   0   0   0   0   0
11   0   0   0   0   0   0   0   0   0   0   0   0   0   0   0   0   0   0   0   0   0   0   0   0
12   0   0   0   0   0   0   0   0   0   0   0   0   0   0   0   0   0   0   0   0   0   0   0   0
13   0   0   0   0   0   0   0   0   0   0   0   0   0   0   0   0   0   0   0   0   0   0   0   0
14   0   0   0   0   0   0   0   0   0   0   0   0   0   0   0   0   0   0   0   0   0   0   0   0
15   0   0   0   0   0   0   0   0   0   0   0   0   0   0   0   0   0   0   0   0   0   0   0   0
16   0   0   0   0   0   0   0   0   0   0   0   0   0   0   0   0   0   0   0   0   0   0   0   0
17   0   0   0   0   0   0   0   0   0   0   0   0   0   0   0   0   0   0   0   0   0   0   0   0
18   0   0   0   0   0   0   0   0   0   0   0   0   0   0   0   0   0   0   0   0   0   0   0   0
19   0   0   0   0   0   0   0   0   0   0   0   0   0   0   0   0   0   0   0   0   0   0   0   0
   X48 X49 X50
1    0   0   0
2    0   0   0
3    0   0   0
4    0   0   0
5    0   0   0
6    0   0   0
7    0   0   0
8    0   0   0
9    0   0   0
10   0   0   0
11   0   0   0
12   0   0   0
13   0   0   0
14   0   0   0
15   0   0   0
16   0   0   0
17   0   0   0
18   0   0   0
19   0   0   0
 [ reached 'max' / getOption("max.print") -- omitted 10081 rows ]
    Step intracls_average.c1 intracls_average.c2 intracls_centroid.c1 intracls_centroid.c2
c1     0               0.000               0.000  0.00000000000000314  0.00000000000000000
c2     0               0.000               0.000  0.00000000000000314  0.00000000000000000
c11    1               0.158               0.000                0.155                0.000
c21    1               0.158               0.000                0.155                0.000
c12    2               0.150               0.161                0.147                0.158
c22    2               0.150               0.161                0.147                0.158
c13    3               0.161               0.294                0.158                0.277
c23    3               0.161               0.294                0.158                0.277
c14    4               0.435               0.164                0.404                0.161
c24    4               0.435               0.164                0.404                0.161
c15    5               0.312               0.443                0.293                0.412
c25    5               0.312               0.443                0.293                0.412
c16    6               0.443               0.464                0.412                0.428
c26    6               0.443               0.464                0.412                0.428
c17    7               0.593               0.452                0.542                0.420
c27    7               0.593               0.452                0.542                0.420
c18    8               0.735               0.452                0.665                0.420
    intercls_centroid.c1 intercls_centroid.c2 cluster_size cluster_center.1 cluster_center.2
c1                 0.000                7.071           50            1.000            1.000
c2                 7.071                0.000           50            0.000            0.000
c11                0.000                7.005           51            0.997            0.986
c21                7.005                0.000           49            0.000            0.000
c12                0.000                6.941           50         0.013681         0.013587
c22                6.941                0.000           50         0.996499         0.985430
c13                0.000                6.878           50          0.99650          0.98543
c23                6.878                0.000           50          0.02462          0.02847
c14                0.000                6.814           51          0.03117          0.04129
c24                6.814                0.000           49          0.99643          0.98513
c15                0.000                6.747           50          0.99537          0.98498
c25                6.747                0.000           50          0.03179          0.04212
c16                0.000                6.678           50          0.03179          0.04212
c26                6.678                0.000           50          0.99293          0.97097
c17                0.000                6.616           51          0.98284          0.97119
c27                6.616                0.000           49          0.03244          0.04298
c18                0.000                6.551           51          0.98225          0.96697
    cluster_center.3 cluster_center.4 cluster_center.5 cluster_center.6 cluster_center.7
c1             1.000            1.000            1.000            1.000            1.000
c2             0.000            0.000            0.000            0.000            0.000
c11            0.998            0.981            0.986            0.991            0.981
c21            0.000            0.000            0.000            0.000            0.000
c12         0.004285         0.017760         0.010502         0.006174         0.007130
c22         0.998072         0.980764         0.986076         0.990451         0.981019
c13          0.99807          0.98076          0.98608          0.99045          0.98102
c23          0.01142          0.02223          0.01157          0.02002          0.01165
c14          0.02199          0.03795          0.01157          0.02122          0.01630
c24          0.99803          0.98037          0.98579          0.99026          0.98063
c15          0.98293          0.96325          0.98120          0.98569          0.96676
c25          0.02243          0.03871          0.01180          0.02165          0.01663
c16          0.02243          0.03871          0.01180          0.02165          0.01663
c26          0.96666          0.94759          0.97819          0.97912          0.96453
c17          0.96230          0.94661          0.97861          0.96284          0.95293
c27          0.02289          0.03950          0.01204          0.02209          0.01697
c18          0.95234          0.93244          0.97640          0.96255          0.95249
    cluster_center.8 cluster_center.9 cluster_center.10 cluster_center.11 cluster_center.12
c1             1.000            1.000             1.000             1.000             1.000
c2             0.000            0.000             0.000             0.000             0.000
c11            0.987            0.996             0.988             0.995             0.990
c21            0.000            0.000             0.000             0.000             0.000
c12         0.014879         0.015643          0.005027          0.000354          0.013202
c22         0.986709         0.995557          0.988128          0.994619          0.989912
c13          0.98671          0.99556           0.98813           0.99462           0.98991
c23          0.01554          0.03217           0.01224           0.01448           0.01927
c14          0.01583          0.04677           0.01774           0.01834           0.02613
c24          0.98644          0.99547           0.98789           0.99451           0.98971
c15          0.96702          0.98963           0.96989           0.98858           0.98601
c25          0.01615          0.04771           0.01810           0.01871           0.02665
c16          0.01615          0.04771           0.01810           0.01871           0.02665
c26          0.94821          0.98049           0.95732           0.96986           0.96708
c17          0.93089          0.98066           0.94918           0.96661           0.95162
c27          0.01648          0.04868           0.01846           0.01909           0.02720
c18          0.92240          0.96455           0.93000           0.95150           0.94785
    cluster_center.13 cluster_center.14 cluster_center.15 cluster_center.16 cluster_center.17
c1              1.000             1.000             1.000             1.000             1.000
c2              0.000             0.000             0.000             0.000             0.000
c11             0.991             0.984             0.999             0.983             0.990
c21             0.000             0.000             0.000             0.000             0.000
c12          0.003463          0.005405          0.004740          0.003896          0.006404
c22          0.991029          0.983646          0.998761          0.982182          0.990183
c13           0.99103           0.98365           0.99876           0.98218           0.99018
c23           0.00888           0.01884           0.01282           0.00611           0.00788
c14           0.01272           0.03536           0.02826           0.01086           0.02658
c24           0.99085           0.98331           0.99874           0.98182           0.98998
c15           0.98490           0.97439           0.99567           0.97099           0.98671
c25           0.01298           0.03607           0.02883           0.01108           0.02711
c16           0.01298           0.03607           0.02883           0.01108           0.02711
c26           0.98366           0.96899           0.99073           0.96569           0.97142
c17           0.98043           0.95579           0.98733           0.96099           0.95983
c27           0.01324           0.03681           0.02942           0.01131           0.02766
c18           0.97321           0.93934           0.97836           0.95648           0.94591
    cluster_center.18 cluster_center.19 cluster_center.20 cluster_center.21 cluster_center.22
c1              1.000             1.000             1.000             1.000             1.000
c2              0.000             0.000             0.000             0.000             0.000
c11             0.986             0.995             0.994             0.998             0.981
c21             0.000             0.000             0.000             0.000             0.000
c12          0.002220          0.000421          0.014476          0.014148          0.001028
c22          0.985721          0.995226          0.993694          0.997505          0.980504
c13           0.98572           0.99523           0.99369           0.99750           0.98050
c23           0.00580           0.00793           0.02912           0.02375           0.01617
c14           0.02112           0.00962           0.04635           0.03557           0.03406
c24           0.98543           0.99513           0.99357           0.99745           0.98011
c15           0.98218           0.97815           0.97532           0.97886           0.96127
c25           0.02154           0.00981           0.04728           0.03628           0.03474
c16           0.02154           0.00981           0.04728           0.03628           0.03474
c26           0.96464           0.97250           0.96478           0.97501           0.95983
c17           0.96425           0.95411           0.95818           0.97226           0.94257
c27           0.02198           0.01001           0.04824           0.03702           0.03545
c18           0.95011           0.95174           0.95182           0.96936           0.93976
    cluster_center.23 cluster_center.24 cluster_center.25 cluster_center.26 cluster_center.27
c1              1.000             1.000             1.000             1.000             1.000
c2              0.000             0.000             0.000             0.000             0.000
c11             1.000             0.991             0.989             0.980             0.999
c21             0.000             0.000             0.000             0.000             0.000
c12          0.015500          0.011431          0.006220          0.004220          0.019553
c22          0.999751          0.990641          0.989106          0.980003          0.999143
c13           0.99975           0.99064           0.98911           0.98000           0.99914
c23           0.01769           0.01778           0.02457           0.01907           0.03187
c14           0.02381           0.01951           0.03429           0.02635           0.04064
c24           0.99975           0.99045           0.98888           0.97959           0.99913
c15           0.98119           0.97697           0.98405           0.97713           0.99010
c25           0.02429           0.01990           0.03498           0.02688           0.04145
c16           0.02429           0.01990           0.03498           0.02688           0.04145
c26           0.97792           0.96960           0.96966           0.96480           0.97025
c17           0.97120           0.96981           0.95889           0.96067           0.96809
c27           0.02478           0.02030           0.03569           0.02742           0.04229
c18           0.95328           0.96535           0.95037           0.94733           0.95652
    cluster_center.28 cluster_center.29 cluster_center.30 cluster_center.31 cluster_center.32
c1              1.000             1.000             1.000             1.000             1.000
c2              0.000             0.000             0.000             0.000             0.000
c11             0.987             0.995             0.981             0.981             0.997
c21             0.000             0.000             0.000             0.000             0.000
c12          0.015800          0.013306          0.008012          0.002427          0.004845
c22          0.986892          0.995406          0.980670          0.980526          0.997085
c13           0.98689           0.99541           0.98067           0.98053           0.99708
c23           0.01653           0.02987           0.00961           0.01809           0.00674
c14           0.03160           0.04698           0.01145           0.01835           0.00812
c24           0.98662           0.99531           0.98028           0.98013           0.99703
c15           0.97054           0.98462           0.97774           0.97248           0.98653
c25           0.03223           0.04792           0.01168           0.01872           0.00828
c16           0.03223           0.04792           0.01168           0.01872           0.00828
c26           0.96938           0.97263           0.96606           0.95858           0.97749
c17           0.95246           0.96419           0.95181           0.95570           0.96584
c27           0.03289           0.04889           0.01192           0.01910           0.00845
c18           0.93434           0.96375           0.93616           0.94726           0.95073
    cluster_center.33 cluster_center.34 cluster_center.35 cluster_center.36 cluster_center.37
c1              1.000             1.000             1.000             1.000             1.000
c2              0.000             0.000             0.000             0.000             0.000
c11             0.983             0.998             0.995             0.999             0.995
c21             0.000             0.000             0.000             0.000             0.000
c12          0.008750          0.004305          0.002457          0.000147          0.006887
c22          0.982262          0.997863          0.995341          0.998881          0.994720
c13           0.98226           0.99786           0.99534           0.99888           0.99472
c23           0.02835           0.01468           0.00608           0.00350           0.01438
c14           0.03602           0.01746           0.01974           0.01324           0.03272
c24           0.98190           0.99782           0.99525           0.99886           0.99461
c15           0.97432           0.98884           0.98273           0.99843           0.99080
c25           0.03674           0.01781           0.02013           0.01350           0.03337
c16           0.03674           0.01781           0.02013           0.01350           0.03337
c26           0.97414           0.98089           0.96573           0.98681           0.98044
c17           0.96588           0.96460           0.94717           0.97807           0.97721
c27           0.03749           0.01817           0.02054           0.01378           0.03405
c18           0.94694           0.95025           0.92997           0.97618           0.96042
    cluster_center.38 cluster_center.39 cluster_center.40 cluster_center.41 cluster_center.42
c1              1.000             1.000             1.000             1.000             1.000
c2              0.000             0.000             0.000             0.000             0.000
c11             0.993             0.987             0.990             0.987             0.995
c21             0.000             0.000             0.000             0.000             0.000
c12          0.008669          0.015762          0.004272          0.011062          0.015901
c22          0.992985          0.987008          0.989560          0.986971          0.995267
c13           0.99299           0.98701           0.98956           0.98697           0.99527
c23           0.01320           0.02986           0.01999           0.02935           0.02250
c14           0.01347           0.04350           0.02876           0.03830           0.03535
c24           0.99284           0.98674           0.98935           0.98671           0.99517
c15           0.98693           0.98451           0.97240           0.98676           0.98422
c25           0.01374           0.04437           0.02933           0.03907           0.03606
c16           0.01374           0.04437           0.02933           0.03907           0.03606
c26           0.97381           0.97153           0.95850           0.98515           0.97040
c17           0.96435           0.96208           0.94704           0.97339           0.95709
c27           0.01402           0.04527           0.02993           0.03986           0.03679
c18           0.96386           0.94856           0.93427           0.95448           0.95209
    cluster_center.43 cluster_center.44 cluster_center.45 cluster_center.46 cluster_center.47
c1              1.000             1.000             1.000             1.000             1.000
c2              0.000             0.000             0.000             0.000             0.000
c11             0.987             0.998             1.000             0.989             0.996
c21             0.000             0.000             0.000             0.000             0.000
c12          0.011317          0.004197          0.019228          0.000018          0.017467
c22          0.986867          0.997953          0.999938          0.988543          0.995673
c13           0.98687           0.99795           0.99994           0.98854           0.99567
c23           0.01905           0.00536           0.03365           0.01238           0.02751
c14           0.03189           0.01701           0.05164           0.01311           0.03325
c24           0.98660           0.99791           0.99994           0.98831           0.99559
c15           0.97362           0.99458           0.99130           0.97517           0.99324
c25           0.03253           0.01735           0.05267           0.01337           0.03392
c16           0.03253           0.01735           0.05267           0.01337           0.03392
c26           0.95780           0.98766           0.97933           0.95725           0.99133
c17           0.95514           0.98302           0.97791           0.94228           0.98848
c27           0.03320           0.01771           0.05374           0.01364           0.03461
c18           0.94866           0.97589           0.96740           0.94041           0.98074
    cluster_center.48 cluster_center.49 cluster_center.50
c1              1.000             1.000             1.000
c2              0.000             0.000             0.000
c11             0.994             0.983             0.986
c21             0.000             0.000             0.000
c12          0.013258          0.016998          0.006278
c22          0.993899          0.982181          0.985822
c13           0.99390           0.98218           0.98582
c23           0.01999           0.02540           0.01177
c14           0.02480           0.02927           0.02434
c24           0.99377           0.98182           0.98553
c15           0.97986           0.97189           0.97986
c25           0.02529           0.02986           0.02483
c16           0.02529           0.02986           0.02483
c26           0.97875           0.96368           0.97417
c17           0.96975           0.94629           0.97410
c27           0.02581           0.03047           0.02533
c18           0.96097           0.94494           0.95840
 [ reached 'max' / getOption("max.print") -- omitted 185 rows ]
