   Step X1 X2 X3 X4 X5 X6 X7 X8 X9 X10
1     0  0  0  0  0  0  0  0  0  0   0
2     0  0  0  0  0  0  0  0  0  0   0
3     0  0  0  0  0  0  0  0  0  0   0
4     0  0  0  0  0  0  0  0  0  0   0
5     0  0  0  0  0  0  0  0  0  0   0
6     0  0  0  0  0  0  0  0  0  0   0
7     0  0  0  0  0  0  0  0  0  0   0
8     0  0  0  0  0  0  0  0  0  0   0
9     0  0  0  0  0  0  0  0  0  0   0
10    0  0  0  0  0  0  0  0  0  0   0
11    0  0  0  0  0  0  0  0  0  0   0
12    0  0  0  0  0  0  0  0  0  0   0
13    0  0  0  0  0  0  0  0  0  0   0
14    0  0  0  0  0  0  0  0  0  0   0
15    0  0  0  0  0  0  0  0  0  0   0
16    0  0  0  0  0  0  0  0  0  0   0
17    0  0  0  0  0  0  0  0  0  0   0
18    0  0  0  0  0  0  0  0  0  0   0
19    0  0  0  0  0  0  0  0  0  0   0
20    0  0  0  0  0  0  0  0  0  0   0
21    0  0  0  0  0  0  0  0  0  0   0
22    0  0  0  0  0  0  0  0  0  0   0
23    0  0  0  0  0  0  0  0  0  0   0
24    0  0  0  0  0  0  0  0  0  0   0
25    0  0  0  0  0  0  0  0  0  0   0
26    0  0  0  0  0  0  0  0  0  0   0
27    0  0  0  0  0  0  0  0  0  0   0
28    0  0  0  0  0  0  0  0  0  0   0
29    0  0  0  0  0  0  0  0  0  0   0
30    0  0  0  0  0  0  0  0  0  0   0
31    0  0  0  0  0  0  0  0  0  0   0
32    0  0  0  0  0  0  0  0  0  0   0
33    0  0  0  0  0  0  0  0  0  0   0
34    0  0  0  0  0  0  0  0  0  0   0
35    0  0  0  0  0  0  0  0  0  0   0
36    0  0  0  0  0  0  0  0  0  0   0
37    0  0  0  0  0  0  0  0  0  0   0
38    0  0  0  0  0  0  0  0  0  0   0
39    0  0  0  0  0  0  0  0  0  0   0
40    0  0  0  0  0  0  0  0  0  0   0
41    0  0  0  0  0  0  0  0  0  0   0
42    0  0  0  0  0  0  0  0  0  0   0
43    0  0  0  0  0  0  0  0  0  0   0
44    0  0  0  0  0  0  0  0  0  0   0
45    0  0  0  0  0  0  0  0  0  0   0
46    0  0  0  0  0  0  0  0  0  0   0
47    0  0  0  0  0  0  0  0  0  0   0
48    0  0  0  0  0  0  0  0  0  0   0
49    0  0  0  0  0  0  0  0  0  0   0
50    0  0  0  0  0  0  0  0  0  0   0
51    0  1  1  1  1  1  1  1  1  1   1
52    0  1  1  1  1  1  1  1  1  1   1
53    0  1  1  1  1  1  1  1  1  1   1
54    0  1  1  1  1  1  1  1  1  1   1
55    0  1  1  1  1  1  1  1  1  1   1
56    0  1  1  1  1  1  1  1  1  1   1
57    0  1  1  1  1  1  1  1  1  1   1
58    0  1  1  1  1  1  1  1  1  1   1
59    0  1  1  1  1  1  1  1  1  1   1
60    0  1  1  1  1  1  1  1  1  1   1
61    0  1  1  1  1  1  1  1  1  1   1
62    0  1  1  1  1  1  1  1  1  1   1
63    0  1  1  1  1  1  1  1  1  1   1
64    0  1  1  1  1  1  1  1  1  1   1
65    0  1  1  1  1  1  1  1  1  1   1
66    0  1  1  1  1  1  1  1  1  1   1
67    0  1  1  1  1  1  1  1  1  1   1
68    0  1  1  1  1  1  1  1  1  1   1
69    0  1  1  1  1  1  1  1  1  1   1
70    0  1  1  1  1  1  1  1  1  1   1
71    0  1  1  1  1  1  1  1  1  1   1
72    0  1  1  1  1  1  1  1  1  1   1
73    0  1  1  1  1  1  1  1  1  1   1
74    0  1  1  1  1  1  1  1  1  1   1
75    0  1  1  1  1  1  1  1  1  1   1
76    0  1  1  1  1  1  1  1  1  1   1
77    0  1  1  1  1  1  1  1  1  1   1
78    0  1  1  1  1  1  1  1  1  1   1
79    0  1  1  1  1  1  1  1  1  1   1
80    0  1  1  1  1  1  1  1  1  1   1
81    0  1  1  1  1  1  1  1  1  1   1
82    0  1  1  1  1  1  1  1  1  1   1
83    0  1  1  1  1  1  1  1  1  1   1
84    0  1  1  1  1  1  1  1  1  1   1
85    0  1  1  1  1  1  1  1  1  1   1
86    0  1  1  1  1  1  1  1  1  1   1
87    0  1  1  1  1  1  1  1  1  1   1
88    0  1  1  1  1  1  1  1  1  1   1
89    0  1  1  1  1  1  1  1  1  1   1
90    0  1  1  1  1  1  1  1  1  1   1
 [ reached 'max' / getOption("max.print") -- omitted 10010 rows ]
   Step Cluster X1 X2 X3 X4 X5 X6 X7 X8 X9 X10
1     0       2  0  0  0  0  0  0  0  0  0   0
2     0       2  0  0  0  0  0  0  0  0  0   0
3     0       2  0  0  0  0  0  0  0  0  0   0
4     0       2  0  0  0  0  0  0  0  0  0   0
5     0       2  0  0  0  0  0  0  0  0  0   0
6     0       2  0  0  0  0  0  0  0  0  0   0
7     0       2  0  0  0  0  0  0  0  0  0   0
8     0       2  0  0  0  0  0  0  0  0  0   0
9     0       2  0  0  0  0  0  0  0  0  0   0
10    0       2  0  0  0  0  0  0  0  0  0   0
11    0       2  0  0  0  0  0  0  0  0  0   0
12    0       2  0  0  0  0  0  0  0  0  0   0
13    0       2  0  0  0  0  0  0  0  0  0   0
14    0       2  0  0  0  0  0  0  0  0  0   0
15    0       2  0  0  0  0  0  0  0  0  0   0
16    0       2  0  0  0  0  0  0  0  0  0   0
17    0       2  0  0  0  0  0  0  0  0  0   0
18    0       2  0  0  0  0  0  0  0  0  0   0
19    0       2  0  0  0  0  0  0  0  0  0   0
20    0       2  0  0  0  0  0  0  0  0  0   0
21    0       2  0  0  0  0  0  0  0  0  0   0
22    0       2  0  0  0  0  0  0  0  0  0   0
23    0       2  0  0  0  0  0  0  0  0  0   0
24    0       2  0  0  0  0  0  0  0  0  0   0
25    0       2  0  0  0  0  0  0  0  0  0   0
26    0       2  0  0  0  0  0  0  0  0  0   0
27    0       2  0  0  0  0  0  0  0  0  0   0
28    0       2  0  0  0  0  0  0  0  0  0   0
29    0       2  0  0  0  0  0  0  0  0  0   0
30    0       2  0  0  0  0  0  0  0  0  0   0
31    0       2  0  0  0  0  0  0  0  0  0   0
32    0       2  0  0  0  0  0  0  0  0  0   0
33    0       2  0  0  0  0  0  0  0  0  0   0
34    0       2  0  0  0  0  0  0  0  0  0   0
35    0       2  0  0  0  0  0  0  0  0  0   0
36    0       2  0  0  0  0  0  0  0  0  0   0
37    0       2  0  0  0  0  0  0  0  0  0   0
38    0       2  0  0  0  0  0  0  0  0  0   0
39    0       2  0  0  0  0  0  0  0  0  0   0
40    0       2  0  0  0  0  0  0  0  0  0   0
41    0       2  0  0  0  0  0  0  0  0  0   0
42    0       2  0  0  0  0  0  0  0  0  0   0
43    0       2  0  0  0  0  0  0  0  0  0   0
44    0       2  0  0  0  0  0  0  0  0  0   0
45    0       2  0  0  0  0  0  0  0  0  0   0
46    0       2  0  0  0  0  0  0  0  0  0   0
47    0       2  0  0  0  0  0  0  0  0  0   0
48    0       2  0  0  0  0  0  0  0  0  0   0
49    0       2  0  0  0  0  0  0  0  0  0   0
50    0       2  0  0  0  0  0  0  0  0  0   0
51    0       1  1  1  1  1  1  1  1  1  1   1
52    0       1  1  1  1  1  1  1  1  1  1   1
53    0       1  1  1  1  1  1  1  1  1  1   1
54    0       1  1  1  1  1  1  1  1  1  1   1
55    0       1  1  1  1  1  1  1  1  1  1   1
56    0       1  1  1  1  1  1  1  1  1  1   1
57    0       1  1  1  1  1  1  1  1  1  1   1
58    0       1  1  1  1  1  1  1  1  1  1   1
59    0       1  1  1  1  1  1  1  1  1  1   1
60    0       1  1  1  1  1  1  1  1  1  1   1
61    0       1  1  1  1  1  1  1  1  1  1   1
62    0       1  1  1  1  1  1  1  1  1  1   1
63    0       1  1  1  1  1  1  1  1  1  1   1
64    0       1  1  1  1  1  1  1  1  1  1   1
65    0       1  1  1  1  1  1  1  1  1  1   1
66    0       1  1  1  1  1  1  1  1  1  1   1
67    0       1  1  1  1  1  1  1  1  1  1   1
68    0       1  1  1  1  1  1  1  1  1  1   1
69    0       1  1  1  1  1  1  1  1  1  1   1
70    0       1  1  1  1  1  1  1  1  1  1   1
71    0       1  1  1  1  1  1  1  1  1  1   1
72    0       1  1  1  1  1  1  1  1  1  1   1
73    0       1  1  1  1  1  1  1  1  1  1   1
74    0       1  1  1  1  1  1  1  1  1  1   1
75    0       1  1  1  1  1  1  1  1  1  1   1
76    0       1  1  1  1  1  1  1  1  1  1   1
77    0       1  1  1  1  1  1  1  1  1  1   1
78    0       1  1  1  1  1  1  1  1  1  1   1
79    0       1  1  1  1  1  1  1  1  1  1   1
80    0       1  1  1  1  1  1  1  1  1  1   1
81    0       1  1  1  1  1  1  1  1  1  1   1
82    0       1  1  1  1  1  1  1  1  1  1   1
83    0       1  1  1  1  1  1  1  1  1  1   1
 [ reached 'max' / getOption("max.print") -- omitted 10017 rows ]
     Step intracls_average.c1 intracls_average.c2 intracls_centroid.c1 intracls_centroid.c2
c1      0               0.000               0.000   0.0000000000000014   0.0000000000000000
c2      0               0.000               0.000   0.0000000000000014   0.0000000000000000
c11     1              0.0672              0.0000   0.0658615460147341   0.0000000000000014
c21     1              0.0672              0.0000   0.0658615460147341   0.0000000000000014
c12     2               0.000               0.136  0.00000000000000211  0.13026592961426742
c22     2               0.000               0.136  0.00000000000000211  0.13026592961426742
c13     3               0.139               0.072               0.1328               0.0706
c23     3               0.139               0.072               0.1328               0.0706
c14     4               0.142               0.139                0.131                0.133
c24     4               0.142               0.139                0.131                0.133
c15     5               0.142               0.205                0.131                0.188
c25     5               0.142               0.205                0.131                0.188
c16     6               0.254               0.145                0.232                0.134
c26     6               0.254               0.145                0.232                0.134
c17     7               0.075               0.351               0.0735               0.3150
c27     7               0.075               0.351               0.0735               0.3150
c18     8               0.292               0.208                0.264                0.187
c28     8               0.292               0.208                0.264                0.187
c19     9               0.142               0.401                0.129                0.359
c29     9               0.142               0.401                0.129                0.359
c110   10               0.440               0.145                0.392                0.131
c210   10               0.440               0.145                0.392                0.131
c111   11               0.211               0.448                0.192                0.398
c211   11               0.211               0.448                0.192                0.398
c112   12               0.216               0.489                0.196                0.434
c212   12               0.216               0.489                0.196                0.434
c113   13               0.534               0.216                0.470                0.196
c213   13               0.534               0.216                0.470                0.196
c114   14               0.579               0.220                0.507                0.200
c214   14               0.579               0.220                0.507                0.200
c115   15               0.274               0.589                0.245                0.515
c215   15               0.274               0.589                0.245                0.515
c116   16               0.494               0.453                0.436                0.396
c216   16               0.494               0.453                0.436                0.396
c117   17               0.503               0.499                0.443                0.434
c217   17               0.503               0.499                0.443                0.434
c118   18               0.545               0.508                0.476                0.442
c218   18               0.545               0.508                0.476                0.442
c119   19               0.547               0.555                0.472                0.484
c219   19               0.547               0.555                0.472                0.484
c120   20               0.604               0.555                0.519                0.484
c220   20               0.604               0.555                0.519                0.484
c121   21               0.643               0.565                0.551                0.492
c221   21               0.643               0.565                0.551                0.492
c122   22               0.609               0.654                0.529                0.560
c222   22               0.609               0.654                0.529                0.560
c123   23               0.654               0.658                0.560                0.566
c223   23               0.654               0.658                0.560                0.566
c124   24               0.699               0.658                0.593                0.566
c224   24               0.699               0.658                0.593                0.566
c125   25               0.736               0.669                0.623                0.575
c225   25               0.736               0.669                0.623                0.575
c126   26               0.748               0.703                0.633                0.602
c226   26               0.748               0.703                0.633                0.602
c127   27               0.773               0.714                0.650                0.611
     intercls_centroid.c1 intercls_centroid.c2 cluster_size cluster_center.1 cluster_center.2
c1                  0.000                3.162           50            1.000            1.000
c2                  3.162                0.000           50            0.000            0.000
c11                 0.000                3.134           50         0.016499         0.005430
c21                 3.134                0.000           50         1.000000         1.000000
c12                 0.000                3.104           49          1.00000          1.00000
c22                 3.104                0.000           51          0.02699          0.00890
c13                 0.000                3.076           50          0.02753          0.00908
c23                 3.076                0.000           50          0.99914          0.98689
c14                 0.000                3.045           50          0.98601          0.98485
c24                 3.045                0.000           50          0.02753          0.00908
c15                 0.000                3.015           50          0.98601          0.98485
c25                 3.015                0.000           50          0.03181          0.02684
c16                 0.000                2.993           51           0.0358           0.0301
c26                 2.993                0.000           49           0.9857           0.9845
c17                 0.000                2.976           48           0.9991           0.9863
c27                 2.976                0.000           52           0.0545           0.0545
c18                 0.000                2.947           51           0.0489           0.0380
c28                 2.947                0.000           49           0.9766           0.9804
c19                 0.000                2.924           48           0.9898           0.9821
c29                 2.924                0.000           52           0.0651           0.0688
c110                0.000                2.902           53           0.0689           0.0802
c210                2.902                0.000           47           0.9896           0.9817
c111                0.000                2.870           48           0.9881           0.9767
c211                2.870                0.000           52           0.0703           0.0817
c112                0.000                2.845           47           0.9878           0.9762
c212                2.845                0.000           53           0.0862           0.0864
c113                0.000                2.822           53           0.0930           0.0993
c213                2.822                0.000           47           0.9878           0.9762
c114                0.000                2.795           54           0.0930           0.1143
c214                2.795                0.000           46           0.9876           0.9757
c115                0.000                2.765           47           0.9772           0.9751
c215                2.765                0.000           53           0.0947           0.1164
c116                0.000                2.730           51           0.0899           0.0856
c216                2.730                0.000           49           0.9312           0.9563
c117                0.000                2.702           50           0.0917           0.0873
c217                2.702                0.000           50           0.9129           0.9513
c118                0.000                2.677           51           0.0912           0.0863
c218                2.677                0.000           49           0.9111           0.9503
c119                0.000                2.652           50           0.9039           0.9387
c219                2.652                0.000           50           0.0930           0.0881
c120                0.000                2.621           50           0.9031           0.9330
c220                2.621                0.000           50           0.0930           0.0881
c121                0.000                2.595           51           0.8864           0.9331
c221                2.595                0.000           49           0.0949           0.0899
c122                0.000                2.563           50           0.1057           0.0937
c222                2.563                0.000           50           0.8841           0.9317
c123                0.000                2.534           50           0.8841           0.9317
c223                2.534                0.000           50           0.1125           0.1007
c124                0.000                2.513           50           0.8836           0.9213
c224                2.513                0.000           50           0.1125           0.1007
c125                0.000                2.485           51           0.8721           0.9192
c225                2.485                0.000           49           0.1148           0.1028
c126                0.000                2.456           50           0.8696           0.9176
c226                2.456                0.000           50           0.1234           0.1055
c127                0.000                2.435           51           0.8686           0.9144
     cluster_center.3 cluster_center.4 cluster_center.5 cluster_center.6 cluster_center.7
c1              1.000            1.000            1.000            1.000            1.000
c2              0.000            0.000            0.000            0.000            0.000
c11          0.018072         0.000764         0.006076         0.010451         0.001019
c21          1.000000         1.000000         1.000000         1.000000         1.000000
c12           1.00000          1.00000          1.00000          1.00000          1.00000
c22           0.03611          0.00289          0.01594          0.01585          0.01593
c13           0.03683          0.00295          0.01626          0.01617          0.01625
c23           0.99541          0.98067          0.98053          0.99708          0.98226
c14           0.99534          0.96921          0.97620          0.99098          0.96444
c24           0.03683          0.00295          0.01626          0.01617          0.01625
c15           0.99534          0.96921          0.97620          0.99098          0.96444
c25           0.04734          0.00912          0.02339          0.03105          0.03189
c16            0.0527           0.0111           0.0233           0.0446           0.0451
c26            0.9952           0.9686           0.9757           0.9908           0.9637
c17            0.9952           0.9799           0.9797           0.9970           0.9815
c27            0.0732           0.0238           0.0464           0.0613           0.0487
c18            0.0551           0.0159           0.0319           0.0489           0.0475
c28            0.9864           0.9525           0.9749           0.9704           0.9611
c19            0.9862           0.9634           0.9789           0.9761           0.9789
c29            0.0800           0.0281           0.0474           0.0746           0.0531
c110           0.0862           0.0296           0.0479           0.0766           0.0592
c210           0.9859           0.9626           0.9785           0.9756           0.9784
c111           0.9782           0.9433           0.9753           0.9570           0.9744
c211           0.0878           0.0302           0.0488           0.0780           0.0603
c112           0.9777           0.9421           0.9748           0.9561           0.9738
c212           0.0934           0.0307           0.0615           0.0882           0.0686
c113           0.1038           0.0463           0.0617           0.0898           0.0733
c213           0.9777           0.9421           0.9748           0.9561           0.9738
c114           0.1135           0.0626           0.0667           0.0901           0.0816
c214           0.9772           0.9409           0.9743           0.9551           0.9733
c115           0.9570           0.9363           0.9635           0.9451           0.9670
c215           0.1157           0.0638           0.0679           0.0918           0.0831
c116           0.0884           0.0397           0.0488           0.0797           0.0741
c216           0.9440           0.9194           0.9367           0.9217           0.9399
c117           0.0901           0.0405           0.0498           0.0812           0.0755
c217           0.9269           0.9150           0.9341           0.9172           0.9318
c118           0.0898           0.0459           0.0634           0.0964           0.0848
c218           0.9254           0.9133           0.9327           0.9155           0.9304
c119           0.9264           0.9111           0.9280           0.9147           0.9147
c219           0.0916           0.0468           0.0647           0.0984           0.0865
c120           0.9104           0.9043           0.9120           0.9122           0.9007
c220           0.0916           0.0468           0.0647           0.0984           0.0865
c121           0.9069           0.9013           0.9085           0.8990           0.8854
c221           0.0934           0.0478           0.0660           0.1004           0.0883
c122           0.0992           0.0470           0.0835           0.1064           0.0948
c222           0.9050           0.8994           0.9067           0.8970           0.8831
c123           0.9050           0.8994           0.9067           0.8970           0.8831
c223           0.1053           0.0654           0.0897           0.1106           0.1079
c124           0.9047           0.8942           0.9046           0.8970           0.8661
c224           0.1053           0.0654           0.0897           0.1106           0.1079
c125           0.9012           0.8842           0.9054           0.8800           0.8614
c225           0.1075           0.0667           0.0916           0.1128           0.1101
c126           0.8992           0.8819           0.9035           0.8776           0.8587
c226           0.1216           0.0730           0.1008           0.1136           0.1083
c127           0.8993           0.8684           0.9024           0.8706           0.8433
     cluster_center.8 cluster_center.9 cluster_center.10
c1              1.000            1.000             1.000
c2              0.000            0.000             0.000
c11          0.006709         0.015557          0.008128
c21          1.000000         1.000000          1.000000
c12           1.00000          1.00000           1.00000
c22           0.02000          0.03241           0.00846
c13           0.02040          0.03306           0.00863
c23           0.99786          0.99534           0.99888
c14           0.98368          0.98032           0.98583
c24           0.02040          0.03306           0.00863
c15           0.98368          0.98032           0.98583
c25           0.02543          0.03342           0.02183
c16            0.0259           0.0480            0.0326
c26            0.9834           0.9799            0.9855
c17            0.9978           0.9951            0.9988
c27            0.0312           0.0584            0.0470
c18            0.0261           0.0547            0.0411
c28            0.9765           0.9769            0.9715
c19            0.9908           0.9920            0.9845
c29            0.0318           0.0743            0.0539
c110           0.0450           0.0820            0.0672
c210           0.9906           0.9918            0.9842
c111           0.9719           0.9916            0.9745
c211           0.0459           0.0836            0.0685
c112           0.9713           0.9914            0.9740
c212           0.0514           0.0899            0.0724
c113           0.0520           0.1046            0.0779
c213           0.9713           0.9914            0.9740
c114           0.0582           0.1115            0.0910
c214           0.9707           0.9912            0.9734
c115           0.9644           0.9829            0.9729
c215           0.0593           0.1136            0.0927
c116           0.0483           0.1038            0.0741
c216           0.9235           0.9398            0.9514
c117           0.0492           0.1059            0.0756
c217           0.9219           0.9298            0.9489
c118           0.0519           0.1128            0.0909
c218           0.9203           0.9283            0.9478
c119           0.9217           0.9187            0.9356
c219           0.0529           0.1151            0.0927
c120           0.9054           0.9031            0.9326
c220           0.0529           0.1151            0.0927
c121           0.9017           0.8946            0.9301
c221           0.0540           0.1174            0.0946
c122           0.0590           0.1260            0.1125
c222           0.8998           0.8925            0.9287
c123           0.8998           0.8925            0.9287
c223           0.0670           0.1281            0.1306
c124           0.8872           0.8738            0.9285
c224           0.0670           0.1281            0.1306
c125           0.8862           0.8583            0.9228
c225           0.0684           0.1307            0.1333
c126           0.8839           0.8554            0.9212
c226           0.0779           0.1444            0.1404
c127           0.8856           0.8561            0.9163
 [ reached 'max' / getOption("max.print") -- omitted 147 rows ]
