  Step X1 X2 X3 X4 X5 X6 X7 X8 X9 X10 X11 X12 X13 X14 X15 X16 X17 X18 X19 X20 X21 X22 X23 X24 X25
1    0  0  0  0  0  0  0  0  0  0   0   0   0   0   0   0   0   0   0   0   0   0   0   0   0   0
2    0  0  0  0  0  0  0  0  0  0   0   0   0   0   0   0   0   0   0   0   0   0   0   0   0   0
3    0  0  0  0  0  0  0  0  0  0   0   0   0   0   0   0   0   0   0   0   0   0   0   0   0   0
4    0  0  0  0  0  0  0  0  0  0   0   0   0   0   0   0   0   0   0   0   0   0   0   0   0   0
5    0  0  0  0  0  0  0  0  0  0   0   0   0   0   0   0   0   0   0   0   0   0   0   0   0   0
6    0  0  0  0  0  0  0  0  0  0   0   0   0   0   0   0   0   0   0   0   0   0   0   0   0   0
7    0  0  0  0  0  0  0  0  0  0   0   0   0   0   0   0   0   0   0   0   0   0   0   0   0   0
8    0  0  0  0  0  0  0  0  0  0   0   0   0   0   0   0   0   0   0   0   0   0   0   0   0   0
9    0  0  0  0  0  0  0  0  0  0   0   0   0   0   0   0   0   0   0   0   0   0   0   0   0   0
  X26 X27 X28 X29 X30 X31 X32 X33 X34 X35 X36 X37 X38 X39 X40 X41 X42 X43 X44 X45 X46 X47 X48 X49
1   0   0   0   0   0   0   0   0   0   0   0   0   0   0   0   0   0   0   0   0   0   0   0   0
2   0   0   0   0   0   0   0   0   0   0   0   0   0   0   0   0   0   0   0   0   0   0   0   0
3   0   0   0   0   0   0   0   0   0   0   0   0   0   0   0   0   0   0   0   0   0   0   0   0
4   0   0   0   0   0   0   0   0   0   0   0   0   0   0   0   0   0   0   0   0   0   0   0   0
5   0   0   0   0   0   0   0   0   0   0   0   0   0   0   0   0   0   0   0   0   0   0   0   0
6   0   0   0   0   0   0   0   0   0   0   0   0   0   0   0   0   0   0   0   0   0   0   0   0
7   0   0   0   0   0   0   0   0   0   0   0   0   0   0   0   0   0   0   0   0   0   0   0   0
8   0   0   0   0   0   0   0   0   0   0   0   0   0   0   0   0   0   0   0   0   0   0   0   0
9   0   0   0   0   0   0   0   0   0   0   0   0   0   0   0   0   0   0   0   0   0   0   0   0
  X50 X51 X52 X53 X54 X55 X56 X57 X58 X59 X60 X61 X62 X63 X64 X65 X66 X67 X68 X69 X70 X71 X72 X73
1   0   0   0   0   0   0   0   0   0   0   0   0   0   0   0   0   0   0   0   0   0   0   0   0
2   0   0   0   0   0   0   0   0   0   0   0   0   0   0   0   0   0   0   0   0   0   0   0   0
3   0   0   0   0   0   0   0   0   0   0   0   0   0   0   0   0   0   0   0   0   0   0   0   0
4   0   0   0   0   0   0   0   0   0   0   0   0   0   0   0   0   0   0   0   0   0   0   0   0
5   0   0   0   0   0   0   0   0   0   0   0   0   0   0   0   0   0   0   0   0   0   0   0   0
6   0   0   0   0   0   0   0   0   0   0   0   0   0   0   0   0   0   0   0   0   0   0   0   0
7   0   0   0   0   0   0   0   0   0   0   0   0   0   0   0   0   0   0   0   0   0   0   0   0
8   0   0   0   0   0   0   0   0   0   0   0   0   0   0   0   0   0   0   0   0   0   0   0   0
9   0   0   0   0   0   0   0   0   0   0   0   0   0   0   0   0   0   0   0   0   0   0   0   0
  X74 X75 X76 X77 X78 X79 X80 X81 X82 X83 X84 X85 X86 X87 X88 X89 X90 X91 X92 X93 X94 X95 X96 X97
1   0   0   0   0   0   0   0   0   0   0   0   0   0   0   0   0   0   0   0   0   0   0   0   0
2   0   0   0   0   0   0   0   0   0   0   0   0   0   0   0   0   0   0   0   0   0   0   0   0
3   0   0   0   0   0   0   0   0   0   0   0   0   0   0   0   0   0   0   0   0   0   0   0   0
4   0   0   0   0   0   0   0   0   0   0   0   0   0   0   0   0   0   0   0   0   0   0   0   0
5   0   0   0   0   0   0   0   0   0   0   0   0   0   0   0   0   0   0   0   0   0   0   0   0
6   0   0   0   0   0   0   0   0   0   0   0   0   0   0   0   0   0   0   0   0   0   0   0   0
7   0   0   0   0   0   0   0   0   0   0   0   0   0   0   0   0   0   0   0   0   0   0   0   0
8   0   0   0   0   0   0   0   0   0   0   0   0   0   0   0   0   0   0   0   0   0   0   0   0
9   0   0   0   0   0   0   0   0   0   0   0   0   0   0   0   0   0   0   0   0   0   0   0   0
  X98 X99 X100
1   0   0    0
2   0   0    0
3   0   0    0
4   0   0    0
5   0   0    0
6   0   0    0
7   0   0    0
8   0   0    0
9   0   0    0
 [ reached 'max' / getOption("max.print") -- omitted 40191 rows ]
  Step Cluster X1 X2 X3 X4 X5 X6 X7 X8 X9 X10 X11 X12 X13 X14 X15 X16 X17 X18 X19 X20 X21 X22 X23
1    0       1  0  0  0  0  0  0  0  0  0   0   0   0   0   0   0   0   0   0   0   0   0   0   0
2    0       1  0  0  0  0  0  0  0  0  0   0   0   0   0   0   0   0   0   0   0   0   0   0   0
3    0       1  0  0  0  0  0  0  0  0  0   0   0   0   0   0   0   0   0   0   0   0   0   0   0
4    0       1  0  0  0  0  0  0  0  0  0   0   0   0   0   0   0   0   0   0   0   0   0   0   0
5    0       1  0  0  0  0  0  0  0  0  0   0   0   0   0   0   0   0   0   0   0   0   0   0   0
6    0       1  0  0  0  0  0  0  0  0  0   0   0   0   0   0   0   0   0   0   0   0   0   0   0
7    0       1  0  0  0  0  0  0  0  0  0   0   0   0   0   0   0   0   0   0   0   0   0   0   0
8    0       1  0  0  0  0  0  0  0  0  0   0   0   0   0   0   0   0   0   0   0   0   0   0   0
9    0       1  0  0  0  0  0  0  0  0  0   0   0   0   0   0   0   0   0   0   0   0   0   0   0
  X24 X25 X26 X27 X28 X29 X30 X31 X32 X33 X34 X35 X36 X37 X38 X39 X40 X41 X42 X43 X44 X45 X46 X47
1   0   0   0   0   0   0   0   0   0   0   0   0   0   0   0   0   0   0   0   0   0   0   0   0
2   0   0   0   0   0   0   0   0   0   0   0   0   0   0   0   0   0   0   0   0   0   0   0   0
3   0   0   0   0   0   0   0   0   0   0   0   0   0   0   0   0   0   0   0   0   0   0   0   0
4   0   0   0   0   0   0   0   0   0   0   0   0   0   0   0   0   0   0   0   0   0   0   0   0
5   0   0   0   0   0   0   0   0   0   0   0   0   0   0   0   0   0   0   0   0   0   0   0   0
6   0   0   0   0   0   0   0   0   0   0   0   0   0   0   0   0   0   0   0   0   0   0   0   0
7   0   0   0   0   0   0   0   0   0   0   0   0   0   0   0   0   0   0   0   0   0   0   0   0
8   0   0   0   0   0   0   0   0   0   0   0   0   0   0   0   0   0   0   0   0   0   0   0   0
9   0   0   0   0   0   0   0   0   0   0   0   0   0   0   0   0   0   0   0   0   0   0   0   0
  X48 X49 X50 X51 X52 X53 X54 X55 X56 X57 X58 X59 X60 X61 X62 X63 X64 X65 X66 X67 X68 X69 X70 X71
1   0   0   0   0   0   0   0   0   0   0   0   0   0   0   0   0   0   0   0   0   0   0   0   0
2   0   0   0   0   0   0   0   0   0   0   0   0   0   0   0   0   0   0   0   0   0   0   0   0
3   0   0   0   0   0   0   0   0   0   0   0   0   0   0   0   0   0   0   0   0   0   0   0   0
4   0   0   0   0   0   0   0   0   0   0   0   0   0   0   0   0   0   0   0   0   0   0   0   0
5   0   0   0   0   0   0   0   0   0   0   0   0   0   0   0   0   0   0   0   0   0   0   0   0
6   0   0   0   0   0   0   0   0   0   0   0   0   0   0   0   0   0   0   0   0   0   0   0   0
7   0   0   0   0   0   0   0   0   0   0   0   0   0   0   0   0   0   0   0   0   0   0   0   0
8   0   0   0   0   0   0   0   0   0   0   0   0   0   0   0   0   0   0   0   0   0   0   0   0
9   0   0   0   0   0   0   0   0   0   0   0   0   0   0   0   0   0   0   0   0   0   0   0   0
  X72 X73 X74 X75 X76 X77 X78 X79 X80 X81 X82 X83 X84 X85 X86 X87 X88 X89 X90 X91 X92 X93 X94 X95
1   0   0   0   0   0   0   0   0   0   0   0   0   0   0   0   0   0   0   0   0   0   0   0   0
2   0   0   0   0   0   0   0   0   0   0   0   0   0   0   0   0   0   0   0   0   0   0   0   0
3   0   0   0   0   0   0   0   0   0   0   0   0   0   0   0   0   0   0   0   0   0   0   0   0
4   0   0   0   0   0   0   0   0   0   0   0   0   0   0   0   0   0   0   0   0   0   0   0   0
5   0   0   0   0   0   0   0   0   0   0   0   0   0   0   0   0   0   0   0   0   0   0   0   0
6   0   0   0   0   0   0   0   0   0   0   0   0   0   0   0   0   0   0   0   0   0   0   0   0
7   0   0   0   0   0   0   0   0   0   0   0   0   0   0   0   0   0   0   0   0   0   0   0   0
8   0   0   0   0   0   0   0   0   0   0   0   0   0   0   0   0   0   0   0   0   0   0   0   0
9   0   0   0   0   0   0   0   0   0   0   0   0   0   0   0   0   0   0   0   0   0   0   0   0
  X96 X97 X98 X99 X100
1   0   0   0   0    0
2   0   0   0   0    0
3   0   0   0   0    0
4   0   0   0   0    0
5   0   0   0   0    0
6   0   0   0   0    0
7   0   0   0   0    0
8   0   0   0   0    0
9   0   0   0   0    0
 [ reached 'max' / getOption("max.print") -- omitted 40191 rows ]
    Step intracls_average.c1 intracls_average.c2 intracls_centroid.c1 intracls_centroid.c2
c1     0               0.000               0.000  0.00000000000000000  0.00000000000000666
c2     0               0.000               0.000  0.00000000000000000  0.00000000000000666
c11    1               0.112               0.000  0.11060045842339146  0.00000000000000666
c21    1               0.112               0.000  0.11060045842339146  0.00000000000000666
c12    2               0.000               0.224     0.00000000000002     0.21530935578885
c22    2               0.000               0.224     0.00000000000002     0.21530935578885
c13    3               0.000               0.332     0.00000000000002     0.31189921246082
c23    3               0.000               0.332     0.00000000000002     0.31189921246082
c14    4               0.000               0.437  0.00000000000000888  0.40675880408800358
    intercls_centroid.c1 intercls_centroid.c2 cluster_size cluster_center.1 cluster_center.2
c1                 0.000               10.000          100            0.000            0.000
c2                10.000                0.000          100            1.000            1.000
c11                0.000                9.951          100        0.0017445        0.0047579
c21                9.951                0.000          100        1.0000000        1.0000000
c12                0.000                9.902           99          1.00000          1.00000
c22                9.902                0.000          101          0.00312          0.00557
c13                0.000                9.856           99          1.00000          1.00000
c23                9.856                0.000          101          0.00322          0.00579
c14                0.000                9.809           98          1.00000          1.00000
    cluster_center.3 cluster_center.4 cluster_center.5 cluster_center.6 cluster_center.7
c1             0.000            0.000            0.000            0.000            0.000
c2             1.000            1.000            1.000            1.000            1.000
c11        0.0072448        0.0087610        0.0037750        0.0064094        0.0065468
c21        1.0000000        1.0000000        1.0000000        1.0000000        1.0000000
c12          1.00000          1.00000          1.00000          1.00000          1.00000
c22          0.00736          0.01496          0.00822          0.01331          0.00792
c13          1.00000          1.00000          1.00000          1.00000          1.00000
c23          0.00876          0.01562          0.00961          0.02082          0.01410
c14          1.00000          1.00000          1.00000          1.00000          1.00000
    cluster_center.8 cluster_center.9 cluster_center.10 cluster_center.11 cluster_center.12
c1             0.000            0.000             0.000             0.000             0.000
c2             1.000            1.000             1.000             1.000             1.000
c11        0.0050622        0.0030335         0.0071625         0.0029052         0.0019623
c21        1.0000000        1.0000000         1.0000000         1.0000000         1.0000000
c12          1.00000          1.00000           1.00000           1.00000           1.00000
c22          0.01192          0.00374           0.00893           0.00770           0.00246
c13          1.00000          1.00000           1.00000           1.00000           1.00000
c23          0.01490          0.01305           0.01296           0.01735           0.00651
c14          1.00000          1.00000           1.00000           1.00000           1.00000
    cluster_center.13 cluster_center.14 cluster_center.15 cluster_center.16 cluster_center.17
c1              0.000             0.000             0.000             0.000             0.000
c2              1.000             1.000             1.000             1.000             1.000
c11         0.0032258         0.0084043         0.0000160         0.0016529         0.0022150
c21         1.0000000         1.0000000         1.0000000         1.0000000         1.0000000
c12           1.00000           1.00000           1.00000           1.00000           1.00000
c22           0.00510           0.01268           0.00722           0.00498           0.00997
c13           1.00000           1.00000           1.00000           1.00000           1.00000
c23           0.01368           0.02258           0.00751           0.01407           0.01112
c14           1.00000           1.00000           1.00000           1.00000           1.00000
    cluster_center.18 cluster_center.19 cluster_center.20 cluster_center.21 cluster_center.22
c1              0.000             0.000             0.000             0.000             0.000
c2              1.000             1.000             1.000             1.000             1.000
c11         0.0023537         0.0082601         0.0031395         0.0038702         0.0053135
c21         1.0000000         1.0000000         1.0000000         1.0000000         1.0000000
c12           1.00000           1.00000           1.00000           1.00000           1.00000
c22           0.00900           0.01488           0.01110           0.00453           0.00712
c13           1.00000           1.00000           1.00000           1.00000           1.00000
c23           0.00942           0.02089           0.01989           0.01402           0.00715
c14           1.00000           1.00000           1.00000           1.00000           1.00000
    cluster_center.23 cluster_center.24 cluster_center.25 cluster_center.26 cluster_center.27
c1              0.000             0.000             0.000             0.000             0.000
c2              1.000             1.000             1.000             1.000             1.000
c11         0.0091647         0.0088072         0.0070785         0.0017930         0.0033635
c21         1.0000000         1.0000000         1.0000000         1.0000000         1.0000000
c12           1.00000           1.00000           1.00000           1.00000           1.00000
c22           0.01808           0.01551           0.01261           0.00520           0.00637
c13           1.00000           1.00000           1.00000           1.00000           1.00000
c23           0.01832           0.02388           0.01644           0.00726           0.01113
c14           1.00000           1.00000           1.00000           1.00000           1.00000
    cluster_center.28 cluster_center.29 cluster_center.30 cluster_center.31 cluster_center.32
c1              0.000             0.000             0.000             0.000             0.000
c2              1.000             1.000             1.000             1.000             1.000
c11         0.0038128         0.0043605         0.0048213         0.0070405         0.0074377
c21         1.0000000         1.0000000         1.0000000         1.0000000         1.0000000
c12           1.00000           1.00000           1.00000           1.00000           1.00000
c22           0.00968           0.01153           0.01402           0.01544           0.01724
c13           1.00000           1.00000           1.00000           1.00000           1.00000
c23           0.01836           0.01567           0.02133           0.01895           0.02107
c14           1.00000           1.00000           1.00000           1.00000           1.00000
    cluster_center.33 cluster_center.34 cluster_center.35 cluster_center.36 cluster_center.37
c1              0.000             0.000             0.000             0.000             0.000
c2              1.000             1.000             1.000             1.000             1.000
c11         0.0073583         0.0054623         0.0059862         0.0003064         0.0041335
c21         1.0000000         1.0000000         1.0000000         1.0000000         1.0000000
c12           1.00000           1.00000           1.00000           1.00000           1.00000
c22           0.01490           0.01285           0.01528           0.00819           0.00989
c13           1.00000           1.00000           1.00000           1.00000           1.00000
c23           0.01679           0.01783           0.02105           0.01041           0.01516
c14           1.00000           1.00000           1.00000           1.00000           1.00000
    cluster_center.38 cluster_center.39 cluster_center.40 cluster_center.41 cluster_center.42
c1              0.000             0.000             0.000             0.000             0.000
c2              1.000             1.000             1.000             1.000             1.000
c11         0.0069143         0.0052278         0.0017733         0.0046417         0.0035680
c21         1.0000000         1.0000000         1.0000000         1.0000000         1.0000000
c12           1.00000           1.00000           1.00000           1.00000           1.00000
c22           0.01596           0.00803           0.00243           0.01139           0.01194
c13           1.00000           1.00000           1.00000           1.00000           1.00000
c23           0.02531           0.01035           0.01076           0.01752           0.01520
c14           1.00000           1.00000           1.00000           1.00000           1.00000
    cluster_center.43 cluster_center.44 cluster_center.45 cluster_center.46 cluster_center.47
c1              0.000             0.000             0.000             0.000             0.000
c2              1.000             1.000             1.000             1.000             1.000
c11         0.0080685         0.0048545         0.0036452         0.0055453         0.0058537
c21         1.0000000         1.0000000         1.0000000         1.0000000         1.0000000
c12           1.00000           1.00000           1.00000           1.00000           1.00000
c22           0.01490           0.00863           0.00887           0.01384           0.00637
c13           1.00000           1.00000           1.00000           1.00000           1.00000
c23           0.01662           0.01166           0.01346           0.02318           0.01573
c14           1.00000           1.00000           1.00000           1.00000           1.00000
    cluster_center.48 cluster_center.49 cluster_center.50 cluster_center.51 cluster_center.52
c1              0.000             0.000             0.000             0.000             0.000
c2              1.000             1.000             1.000             1.000             1.000
c11         0.0090572         0.0052200         0.0018243         0.0009473         0.0046432
c21         1.0000000         1.0000000         1.0000000         1.0000000         1.0000000
c12           1.00000           1.00000           1.00000           1.00000           1.00000
c22           0.01253           0.01154           0.00939           0.00215           0.01167
c13           1.00000           1.00000           1.00000           1.00000           1.00000
c23           0.01299           0.01766           0.01707           0.00413           0.01582
c14           1.00000           1.00000           1.00000           1.00000           1.00000
    cluster_center.53 cluster_center.54 cluster_center.55 cluster_center.56 cluster_center.57
c1              0.000             0.000             0.000             0.000             0.000
c2              1.000             1.000             1.000             1.000             1.000
c11         0.0097129         0.0084261         0.0022778         0.0029711         0.0012566
c21         1.0000000         1.0000000         1.0000000         1.0000000         1.0000000
c12           1.00000           1.00000           1.00000           1.00000           1.00000
c22           0.01348           0.01787           0.00296           0.01212           0.00145
c13           1.00000           1.00000           1.00000           1.00000           1.00000
c23           0.01671           0.02404           0.00742           0.01218           0.00697
c14           1.00000           1.00000           1.00000           1.00000           1.00000
    cluster_center.58 cluster_center.59 cluster_center.60 cluster_center.61 cluster_center.62
c1              0.000             0.000             0.000             0.000             0.000
c2              1.000             1.000             1.000             1.000             1.000
c11         0.0000696         0.0063055         0.0048230         0.0025463         0.0088565
c21         1.0000000         1.0000000         1.0000000         1.0000000         1.0000000
c12           1.00000           1.00000           1.00000           1.00000           1.00000
c22           0.00131           0.01185           0.01303           0.00819           0.01053
c13           1.00000           1.00000           1.00000           1.00000           1.00000
c23           0.00843           0.01656           0.02151           0.01076           0.01512
c14           1.00000           1.00000           1.00000           1.00000           1.00000
    cluster_center.63 cluster_center.64 cluster_center.65 cluster_center.66 cluster_center.67
c1              0.000             0.000             0.000             0.000             0.000
c2              1.000             1.000             1.000             1.000             1.000
c11         0.0011730         0.0058584         0.0026291         0.0019729         0.0086256
c21         1.0000000         1.0000000         1.0000000         1.0000000         1.0000000
c12           1.00000           1.00000           1.00000           1.00000           1.00000
c22           0.00841           0.01035           0.00376           0.00716           0.00895
c13           1.00000           1.00000           1.00000           1.00000           1.00000
c23           0.01114           0.01826           0.01148           0.01053           0.01444
c14           1.00000           1.00000           1.00000           1.00000           1.00000
    cluster_center.68 cluster_center.69 cluster_center.70 cluster_center.71 cluster_center.72
c1              0.000             0.000             0.000             0.000             0.000
c2              1.000             1.000             1.000             1.000             1.000
c11         0.0090910         0.0044440         0.0019427         0.0026690         0.0039830
c21         1.0000000         1.0000000         1.0000000         1.0000000         1.0000000
c12           1.00000           1.00000           1.00000           1.00000           1.00000
c22           0.01171           0.01216           0.00844           0.01045           0.01341
c13           1.00000           1.00000           1.00000           1.00000           1.00000
c23           0.01582           0.01446           0.01192           0.01970           0.01484
c14           1.00000           1.00000           1.00000           1.00000           1.00000
    cluster_center.73 cluster_center.74 cluster_center.75 cluster_center.76 cluster_center.77
c1              0.000             0.000             0.000             0.000             0.000
c2              1.000             1.000             1.000             1.000             1.000
c11         0.0068283         0.0076873         0.0010602         0.0088849         0.0000190
c21         1.0000000         1.0000000         1.0000000         1.0000000         1.0000000
c12           1.00000           1.00000           1.00000           1.00000           1.00000
c22           0.01362           0.00824           0.00658           0.01112           0.00602
c13           1.00000           1.00000           1.00000           1.00000           1.00000
c23           0.01760           0.01344           0.01028           0.01232           0.01272
c14           1.00000           1.00000           1.00000           1.00000           1.00000
    cluster_center.78 cluster_center.79 cluster_center.80 cluster_center.81 cluster_center.82
c1              0.000             0.000             0.000             0.000             0.000
c2              1.000             1.000             1.000             1.000             1.000
c11         0.0071910         0.0088485         0.0088849         0.0058707         0.0009722
c21         1.0000000         1.0000000         1.0000000         1.0000000         1.0000000
c12           1.00000           1.00000           1.00000           1.00000           1.00000
c22           0.00907           0.01104           0.01564           0.00624           0.00423
c13           1.00000           1.00000           1.00000           1.00000           1.00000
c23           0.01599           0.01340           0.01642           0.01282           0.01046
c14           1.00000           1.00000           1.00000           1.00000           1.00000
    cluster_center.83 cluster_center.84 cluster_center.85 cluster_center.86 cluster_center.87
c1              0.000             0.000             0.000             0.000             0.000
c2              1.000             1.000             1.000             1.000             1.000
c11         0.0083453         0.0009328         0.0073067         0.0043384         0.0010708
c21         1.0000000         1.0000000         1.0000000         1.0000000         1.0000000
c12           1.00000           1.00000           1.00000           1.00000           1.00000
c22           0.01368           0.00492           0.01332           0.01016           0.00293
c13           1.00000           1.00000           1.00000           1.00000           1.00000
c23           0.01641           0.00915           0.02218           0.01883           0.00856
c14           1.00000           1.00000           1.00000           1.00000           1.00000
    cluster_center.88 cluster_center.89 cluster_center.90 cluster_center.91 cluster_center.92
c1              0.000             0.000             0.000             0.000             0.000
c2              1.000             1.000             1.000             1.000             1.000
c11         0.0025037         0.0009012         0.0082612         0.0012012         0.0056436
c21         1.0000000         1.0000000         1.0000000         1.0000000         1.0000000
c12           1.00000           1.00000           1.00000           1.00000           1.00000
c22           0.01138           0.00255           0.01308           0.00237           0.00777
c13           1.00000           1.00000           1.00000           1.00000           1.00000
c23           0.01330           0.00559           0.02205           0.00925           0.01598
c14           1.00000           1.00000           1.00000           1.00000           1.00000
    cluster_center.93 cluster_center.94 cluster_center.95 cluster_center.96 cluster_center.97
c1              0.000             0.000             0.000             0.000             0.000
c2              1.000             1.000             1.000             1.000             1.000
c11         0.0097258         0.0064970         0.0078055         0.0016139         0.0087210
c21         1.0000000         1.0000000         1.0000000         1.0000000         1.0000000
c12           1.00000           1.00000           1.00000           1.00000           1.00000
c22           0.01732           0.01456           0.01643           0.00662           0.00917
c13           1.00000           1.00000           1.00000           1.00000           1.00000
c23           0.01912           0.02009           0.02089           0.00675           0.01218
c14           1.00000           1.00000           1.00000           1.00000           1.00000
    cluster_center.98 cluster_center.99 cluster_center.100
c1              0.000             0.000              0.000
c2              1.000             1.000              1.000
c11         0.0067681         0.0040878          0.0036342
c21         1.0000000         1.0000000          1.0000000
c12           1.00000           1.00000            1.00000
c22           0.01425           0.01353            0.00538
c13           1.00000           1.00000            1.00000
c23           0.01484           0.01960            0.00816
c14           1.00000           1.00000            1.00000
 [ reached 'max' / getOption("max.print") -- omitted 393 rows ]
