   Step X1 X2 X3 X4 X5 X6 X7 X8 X9 X10 X11 X12 X13 X14 X15 X16 X17 X18 X19 X20 X21 X22 X23 X24 X25
1     0  0  0  0  0  0  0  0  0  0   0   0   0   0   0   0   0   0   0   0   0   0   0   0   0   0
2     0  0  0  0  0  0  0  0  0  0   0   0   0   0   0   0   0   0   0   0   0   0   0   0   0   0
3     0  0  0  0  0  0  0  0  0  0   0   0   0   0   0   0   0   0   0   0   0   0   0   0   0   0
4     0  0  0  0  0  0  0  0  0  0   0   0   0   0   0   0   0   0   0   0   0   0   0   0   0   0
5     0  0  0  0  0  0  0  0  0  0   0   0   0   0   0   0   0   0   0   0   0   0   0   0   0   0
6     0  0  0  0  0  0  0  0  0  0   0   0   0   0   0   0   0   0   0   0   0   0   0   0   0   0
7     0  0  0  0  0  0  0  0  0  0   0   0   0   0   0   0   0   0   0   0   0   0   0   0   0   0
8     0  0  0  0  0  0  0  0  0  0   0   0   0   0   0   0   0   0   0   0   0   0   0   0   0   0
9     0  0  0  0  0  0  0  0  0  0   0   0   0   0   0   0   0   0   0   0   0   0   0   0   0   0
10    0  0  0  0  0  0  0  0  0  0   0   0   0   0   0   0   0   0   0   0   0   0   0   0   0   0
11    0  0  0  0  0  0  0  0  0  0   0   0   0   0   0   0   0   0   0   0   0   0   0   0   0   0
12    0  0  0  0  0  0  0  0  0  0   0   0   0   0   0   0   0   0   0   0   0   0   0   0   0   0
13    0  0  0  0  0  0  0  0  0  0   0   0   0   0   0   0   0   0   0   0   0   0   0   0   0   0
14    0  0  0  0  0  0  0  0  0  0   0   0   0   0   0   0   0   0   0   0   0   0   0   0   0   0
15    0  0  0  0  0  0  0  0  0  0   0   0   0   0   0   0   0   0   0   0   0   0   0   0   0   0
16    0  0  0  0  0  0  0  0  0  0   0   0   0   0   0   0   0   0   0   0   0   0   0   0   0   0
17    0  0  0  0  0  0  0  0  0  0   0   0   0   0   0   0   0   0   0   0   0   0   0   0   0   0
18    0  0  0  0  0  0  0  0  0  0   0   0   0   0   0   0   0   0   0   0   0   0   0   0   0   0
19    0  0  0  0  0  0  0  0  0  0   0   0   0   0   0   0   0   0   0   0   0   0   0   0   0   0
   X26 X27 X28 X29 X30 X31 X32 X33 X34 X35 X36 X37 X38 X39 X40 X41 X42 X43 X44 X45 X46 X47 X48 X49
1    0   0   0   0   0   0   0   0   0   0   0   0   0   0   0   0   0   0   0   0   0   0   0   0
2    0   0   0   0   0   0   0   0   0   0   0   0   0   0   0   0   0   0   0   0   0   0   0   0
3    0   0   0   0   0   0   0   0   0   0   0   0   0   0   0   0   0   0   0   0   0   0   0   0
4    0   0   0   0   0   0   0   0   0   0   0   0   0   0   0   0   0   0   0   0   0   0   0   0
5    0   0   0   0   0   0   0   0   0   0   0   0   0   0   0   0   0   0   0   0   0   0   0   0
6    0   0   0   0   0   0   0   0   0   0   0   0   0   0   0   0   0   0   0   0   0   0   0   0
7    0   0   0   0   0   0   0   0   0   0   0   0   0   0   0   0   0   0   0   0   0   0   0   0
8    0   0   0   0   0   0   0   0   0   0   0   0   0   0   0   0   0   0   0   0   0   0   0   0
9    0   0   0   0   0   0   0   0   0   0   0   0   0   0   0   0   0   0   0   0   0   0   0   0
10   0   0   0   0   0   0   0   0   0   0   0   0   0   0   0   0   0   0   0   0   0   0   0   0
11   0   0   0   0   0   0   0   0   0   0   0   0   0   0   0   0   0   0   0   0   0   0   0   0
12   0   0   0   0   0   0   0   0   0   0   0   0   0   0   0   0   0   0   0   0   0   0   0   0
13   0   0   0   0   0   0   0   0   0   0   0   0   0   0   0   0   0   0   0   0   0   0   0   0
14   0   0   0   0   0   0   0   0   0   0   0   0   0   0   0   0   0   0   0   0   0   0   0   0
15   0   0   0   0   0   0   0   0   0   0   0   0   0   0   0   0   0   0   0   0   0   0   0   0
16   0   0   0   0   0   0   0   0   0   0   0   0   0   0   0   0   0   0   0   0   0   0   0   0
17   0   0   0   0   0   0   0   0   0   0   0   0   0   0   0   0   0   0   0   0   0   0   0   0
18   0   0   0   0   0   0   0   0   0   0   0   0   0   0   0   0   0   0   0   0   0   0   0   0
19   0   0   0   0   0   0   0   0   0   0   0   0   0   0   0   0   0   0   0   0   0   0   0   0
   X50
1    0
2    0
3    0
4    0
5    0
6    0
7    0
8    0
9    0
10   0
11   0
12   0
13   0
14   0
15   0
16   0
17   0
18   0
19   0
 [ reached 'max' / getOption("max.print") -- omitted 10081 rows ]
   Step Cluster X1 X2 X3 X4 X5 X6 X7 X8 X9 X10 X11 X12 X13 X14 X15 X16 X17 X18 X19 X20 X21 X22 X23
1     0       2  0  0  0  0  0  0  0  0  0   0   0   0   0   0   0   0   0   0   0   0   0   0   0
2     0       2  0  0  0  0  0  0  0  0  0   0   0   0   0   0   0   0   0   0   0   0   0   0   0
3     0       2  0  0  0  0  0  0  0  0  0   0   0   0   0   0   0   0   0   0   0   0   0   0   0
4     0       2  0  0  0  0  0  0  0  0  0   0   0   0   0   0   0   0   0   0   0   0   0   0   0
5     0       2  0  0  0  0  0  0  0  0  0   0   0   0   0   0   0   0   0   0   0   0   0   0   0
6     0       2  0  0  0  0  0  0  0  0  0   0   0   0   0   0   0   0   0   0   0   0   0   0   0
7     0       2  0  0  0  0  0  0  0  0  0   0   0   0   0   0   0   0   0   0   0   0   0   0   0
8     0       2  0  0  0  0  0  0  0  0  0   0   0   0   0   0   0   0   0   0   0   0   0   0   0
9     0       2  0  0  0  0  0  0  0  0  0   0   0   0   0   0   0   0   0   0   0   0   0   0   0
10    0       2  0  0  0  0  0  0  0  0  0   0   0   0   0   0   0   0   0   0   0   0   0   0   0
11    0       2  0  0  0  0  0  0  0  0  0   0   0   0   0   0   0   0   0   0   0   0   0   0   0
12    0       2  0  0  0  0  0  0  0  0  0   0   0   0   0   0   0   0   0   0   0   0   0   0   0
13    0       2  0  0  0  0  0  0  0  0  0   0   0   0   0   0   0   0   0   0   0   0   0   0   0
14    0       2  0  0  0  0  0  0  0  0  0   0   0   0   0   0   0   0   0   0   0   0   0   0   0
15    0       2  0  0  0  0  0  0  0  0  0   0   0   0   0   0   0   0   0   0   0   0   0   0   0
16    0       2  0  0  0  0  0  0  0  0  0   0   0   0   0   0   0   0   0   0   0   0   0   0   0
17    0       2  0  0  0  0  0  0  0  0  0   0   0   0   0   0   0   0   0   0   0   0   0   0   0
18    0       2  0  0  0  0  0  0  0  0  0   0   0   0   0   0   0   0   0   0   0   0   0   0   0
19    0       2  0  0  0  0  0  0  0  0  0   0   0   0   0   0   0   0   0   0   0   0   0   0   0
   X24 X25 X26 X27 X28 X29 X30 X31 X32 X33 X34 X35 X36 X37 X38 X39 X40 X41 X42 X43 X44 X45 X46 X47
1    0   0   0   0   0   0   0   0   0   0   0   0   0   0   0   0   0   0   0   0   0   0   0   0
2    0   0   0   0   0   0   0   0   0   0   0   0   0   0   0   0   0   0   0   0   0   0   0   0
3    0   0   0   0   0   0   0   0   0   0   0   0   0   0   0   0   0   0   0   0   0   0   0   0
4    0   0   0   0   0   0   0   0   0   0   0   0   0   0   0   0   0   0   0   0   0   0   0   0
5    0   0   0   0   0   0   0   0   0   0   0   0   0   0   0   0   0   0   0   0   0   0   0   0
6    0   0   0   0   0   0   0   0   0   0   0   0   0   0   0   0   0   0   0   0   0   0   0   0
7    0   0   0   0   0   0   0   0   0   0   0   0   0   0   0   0   0   0   0   0   0   0   0   0
8    0   0   0   0   0   0   0   0   0   0   0   0   0   0   0   0   0   0   0   0   0   0   0   0
9    0   0   0   0   0   0   0   0   0   0   0   0   0   0   0   0   0   0   0   0   0   0   0   0
10   0   0   0   0   0   0   0   0   0   0   0   0   0   0   0   0   0   0   0   0   0   0   0   0
11   0   0   0   0   0   0   0   0   0   0   0   0   0   0   0   0   0   0   0   0   0   0   0   0
12   0   0   0   0   0   0   0   0   0   0   0   0   0   0   0   0   0   0   0   0   0   0   0   0
13   0   0   0   0   0   0   0   0   0   0   0   0   0   0   0   0   0   0   0   0   0   0   0   0
14   0   0   0   0   0   0   0   0   0   0   0   0   0   0   0   0   0   0   0   0   0   0   0   0
15   0   0   0   0   0   0   0   0   0   0   0   0   0   0   0   0   0   0   0   0   0   0   0   0
16   0   0   0   0   0   0   0   0   0   0   0   0   0   0   0   0   0   0   0   0   0   0   0   0
17   0   0   0   0   0   0   0   0   0   0   0   0   0   0   0   0   0   0   0   0   0   0   0   0
18   0   0   0   0   0   0   0   0   0   0   0   0   0   0   0   0   0   0   0   0   0   0   0   0
19   0   0   0   0   0   0   0   0   0   0   0   0   0   0   0   0   0   0   0   0   0   0   0   0
   X48 X49 X50
1    0   0   0
2    0   0   0
3    0   0   0
4    0   0   0
5    0   0   0
6    0   0   0
7    0   0   0
8    0   0   0
9    0   0   0
10   0   0   0
11   0   0   0
12   0   0   0
13   0   0   0
14   0   0   0
15   0   0   0
16   0   0   0
17   0   0   0
18   0   0   0
19   0   0   0
 [ reached 'max' / getOption("max.print") -- omitted 10081 rows ]
    Step intracls_average.c1 intracls_average.c2 intracls_centroid.c1 intracls_centroid.c2
c1     0               0.000               0.000  0.00000000000000314  0.00000000000000000
c2     0               0.000               0.000  0.00000000000000314  0.00000000000000000
c11    1               0.000               0.156  0.00000000000000314  0.15296482756651875
c21    1               0.000               0.156  0.00000000000000314  0.15296482756651875
c12    2               0.000               0.306  0.00000000000000471  0.28751066184638829
c22    2               0.000               0.306  0.00000000000000471  0.28751066184638829
c13    3               0.312               0.148                0.293                0.145
c23    3               0.312               0.148                0.293                0.145
c14    4               0.151               0.460                0.148                0.425
c24    4               0.151               0.460                0.148                0.425
c15    5               0.151               0.600                0.148                0.552
c25    5               0.151               0.600                0.148                0.552
c16    6               0.710               0.154                0.649                0.151
c26    6               0.710               0.154                0.649                0.151
c17    7               0.723               0.300                0.660                0.281
c27    7               0.723               0.300                0.660                0.281
c18    8               0.306               0.842                0.287                0.761
    intercls_centroid.c1 intercls_centroid.c2 cluster_size cluster_center.1 cluster_center.2
c1                 0.000                7.071           50            1.000            1.000
c2                 7.071                0.000           50            0.000            0.000
c11                0.000                7.001           50        1.0000000        1.0000000
c21                7.001                0.000           50        0.0175221        0.0075501
c12                0.000                6.936           49          1.00000          1.00000
c22                6.936                0.000           51          0.03454          0.00970
c13                0.000                6.872           50          0.03524          0.00990
c23                6.872                0.000           50          0.98385          0.98881
c14                0.000                6.805           49          0.98352          0.98858
c24                6.805                0.000           51          0.04992          0.02260
c15                0.000                6.739           49           0.9835           0.9886
c25                6.739                0.000           51           0.0687           0.0227
c16                0.000                6.686           52           0.0746           0.0245
c26                6.686                0.000           48           0.9832           0.9883
c17                0.000                6.618           51           0.0760           0.0250
c27                6.618                0.000           49           0.9707           0.9747
c18                0.000                6.559           48           0.9701           0.9742
    cluster_center.3 cluster_center.4 cluster_center.5 cluster_center.6 cluster_center.7
c1             1.000            1.000            1.000            1.000            1.000
c2             0.000            0.000            0.000            0.000            0.000
c11        1.0000000        1.0000000        1.0000000        1.0000000        1.0000000
c21        0.0128187        0.0130935        0.0101243        0.0060670        0.0143250
c12          1.00000          1.00000          1.00000          1.00000          1.00000
c22          0.02405          0.01799          0.01379          0.02286          0.03187
c13          0.02454          0.01835          0.01407          0.02332          0.03251
c23          0.99455          0.98674          0.99571          0.99347          0.99354
c14          0.99444          0.98647          0.99563          0.99333          0.99341
c24          0.03951          0.03673          0.02738          0.02411          0.04282
c15           0.9944           0.9865           0.9956           0.9933           0.9934
c25           0.0400           0.0533           0.0350           0.0282           0.0523
c16           0.0522           0.0657           0.0389           0.0291           0.0640
c26           0.9943           0.9862           0.9955           0.9932           0.9933
c17           0.0533           0.0670           0.0396           0.0297           0.0653
c27           0.9869           0.9758           0.9928           0.9903           0.9768
c18           0.9867           0.9753           0.9927           0.9901           0.9763
    cluster_center.8 cluster_center.9 cluster_center.10 cluster_center.11 cluster_center.12
c1             1.000            1.000             1.000             1.000             1.000
c2             0.000            0.000             0.000             0.000             0.000
c11        1.0000000        1.0000000         1.0000000         1.0000000         1.0000000
c21        0.0058104        0.0039245         0.0064516         0.0168086         0.0000319
c12          1.00000          1.00000           1.00000           1.00000           1.00000
c22          0.01441          0.00766           0.01156           0.02429           0.01342
c13          0.01470          0.00781           0.01179           0.02477           0.01369
c23          0.99615          0.98141           0.98376           0.99818           0.99372
c14          0.99607          0.98103           0.98343           0.99815           0.99359
c24          0.01902          0.01954           0.01542           0.02880           0.02697
c15           0.9961           0.9810            0.9834            0.9981            0.9936
c25           0.0362           0.0277            0.0299            0.0358            0.0346
c16           0.0476           0.0325            0.0375            0.0523            0.0507
c26           0.9960           0.9806            0.9831            0.9981            0.9935
c17           0.0485           0.0331            0.0383            0.0533            0.0517
c27           0.9790           0.9634            0.9751            0.9943            0.9754
c18           0.9786           0.9626            0.9746            0.9942            0.9749
    cluster_center.13 cluster_center.14 cluster_center.15 cluster_center.16 cluster_center.17
c1              1.000             1.000             1.000             1.000             1.000
c2              0.000             0.000             0.000             0.000             0.000
c11         1.0000000         1.0000000         1.0000000         1.0000000         1.0000000
c21         0.0033058         0.0044299         0.0047073         0.0165202         0.0062791
c12           1.00000           1.00000           1.00000           1.00000           1.00000
c22           0.01831           0.00642           0.02204           0.01623           0.02026
c13           0.01868           0.00655           0.02248           0.01656           0.02066
c23           0.99132           0.98692           0.98614           0.99192           0.99457
c14           0.99114           0.98666           0.98586           0.99176           0.99446
c24           0.01917           0.01289           0.03277           0.02416           0.03231
c15            0.9911            0.9867            0.9859            0.9918            0.9945
c25            0.0229            0.0227            0.0442            0.0286            0.0427
c16            0.0334            0.0261            0.0492            0.0454            0.0553
c26            0.9910            0.9864            0.9856            0.9916            0.9943
c17            0.0340            0.0266            0.0502            0.0463            0.0564
c27            0.9893            0.9864            0.9842            0.9720            0.9930
c18            0.9890            0.9861            0.9839            0.9715            0.9928
    cluster_center.18 cluster_center.19 cluster_center.20 cluster_center.21 cluster_center.22
c1              1.000             1.000             1.000             1.000             1.000
c2              0.000             0.000             0.000             0.000             0.000
c11         1.0000000         1.0000000         1.0000000         1.0000000         1.0000000
c21         0.0077404         0.0106270         0.0183293         0.0176144         0.0141570
c12           1.00000           1.00000           1.00000           1.00000           1.00000
c22           0.02494           0.02784           0.02948           0.01918           0.03024
c13           0.02544           0.02840           0.03007           0.01956           0.03085
c23           0.99869           0.99710           0.99995           0.99539           0.99504
c14           0.99866           0.99704           0.99995           0.99529           0.99493
c24           0.03656           0.03155           0.04710           0.02245           0.03994
c15            0.9987            0.9970            1.0000            0.9953            0.9949
c25            0.0551            0.0362            0.0636            0.0346            0.0464
c16            0.0700            0.0390            0.0731            0.0426            0.0458
c26            0.9986            0.9970            1.0000            0.9952            0.9948
c17            0.0713            0.0397            0.0745            0.0434            0.0467
c27            0.9973            0.9796            0.9878            0.9863            0.9907
c18            0.9973            0.9792            0.9875            0.9860            0.9905
    cluster_center.23 cluster_center.24 cluster_center.25 cluster_center.26 cluster_center.27
c1              1.000             1.000             1.000             1.000             1.000
c2              0.000             0.000             0.000             0.000             0.000
c11         1.0000000         1.0000000         1.0000000         1.0000000         1.0000000
c21         0.0035861         0.0067271         0.0076257         0.0087210         0.0096425
c12           1.00000           1.00000           1.00000           1.00000           1.00000
c22           0.00534           0.02092           0.01598           0.01065           0.01436
c13           0.00545           0.02134           0.01630           0.01086           0.01465
c23           0.99890           0.99593           0.99171           0.99841           0.98576
c14           0.99888           0.99585           0.99154           0.99837           0.98547
c24           0.00769           0.02525           0.03122           0.02675           0.03160
c15            0.9989            0.9958            0.9915            0.9984            0.9855
c25            0.0111            0.0312            0.0403            0.0453            0.0501
c16            0.0167            0.0318            0.0513            0.0498            0.0648
c26            0.9989            0.9958            0.9914            0.9983            0.9852
c17            0.0170            0.0324            0.0523            0.0508            0.0660
c27            0.9904            0.9851            0.9732            0.9860            0.9658
c18            0.9902            0.9848            0.9727            0.9857            0.9651
    cluster_center.28 cluster_center.29 cluster_center.30 cluster_center.31 cluster_center.32
c1              1.000             1.000             1.000             1.000             1.000
c2              0.000             0.000             0.000             0.000             0.000
c11         1.0000000         1.0000000         1.0000000         1.0000000         1.0000000
c21         0.0140811         0.0148754         0.0147167         0.0109246         0.0119724
c12           1.00000           1.00000           1.00000           1.00000           1.00000
c22           0.01557           0.03078           0.01678           0.02178           0.03081
c13           0.01588           0.03140           0.01712           0.02221           0.03142
c23           0.98136           0.99373           0.99698           0.99396           0.98772
c14           0.98098           0.99360           0.99692           0.99384           0.98747
c24           0.02553           0.03185           0.03174           0.04055           0.03433
c15            0.9810            0.9936            0.9969            0.9938            0.9875
c25            0.0264            0.0440            0.0470            0.0445            0.0425
c16            0.0265            0.0469            0.0471            0.0597            0.0471
c26            0.9806            0.9935            0.9969            0.9937            0.9872
c17            0.0270            0.0478            0.0481            0.0609            0.0480
c27            0.9698            0.9910            0.9905            0.9742            0.9806
c18            0.9692            0.9908            0.9903            0.9737            0.9802
    cluster_center.33 cluster_center.34 cluster_center.35 cluster_center.36 cluster_center.37
c1              1.000             1.000             1.000             1.000             1.000
c2              0.000             0.000             0.000             0.000             0.000
c11         1.0000000         1.0000000         1.0000000         1.0000000         1.0000000
c21         0.0006128         0.0082670         0.0138287         0.0104557         0.0035466
c12           1.00000           1.00000           1.00000           1.00000           1.00000
c22           0.01334           0.02341           0.01672           0.02735           0.01675
c13           0.01361           0.02388           0.01706           0.02790           0.01708
c23           0.99062           0.99686           0.98117           0.98720           0.99287
c14           0.99043           0.99680           0.98078           0.98694           0.99273
c24           0.02334           0.03415           0.01692           0.02778           0.01952
c15            0.9904            0.9968            0.9808            0.9869            0.9927
c25            0.0297            0.0464            0.0257            0.0279            0.0305
c16            0.0380            0.0604            0.0277            0.0390            0.0377
c26            0.9902            0.9967            0.9804            0.9867            0.9926
c17            0.0388            0.0616            0.0283            0.0398            0.0385
c27            0.9893            0.9884            0.9750            0.9855            0.9874
c18            0.9891            0.9882            0.9744            0.9852            0.9871
    cluster_center.38 cluster_center.39 cluster_center.40 cluster_center.41 cluster_center.42
c1              1.000             1.000             1.000             1.000             1.000
c2              0.000             0.000             0.000             0.000             0.000
c11         1.0000000         1.0000000         1.0000000         1.0000000         1.0000000
c21         0.0092834         0.0071359         0.0161371         0.0097091         0.0072904
c12           1.00000           1.00000           1.00000           1.00000           1.00000
c22           0.01712           0.01412           0.02347           0.01994           0.02131
c13           0.01746           0.01440           0.02394           0.02034           0.02174
c23           0.99532           0.98246           0.99428           0.98781           0.99925
c14           0.99522           0.98210           0.99417           0.98756           0.99923
c24           0.01844           0.01686           0.03834           0.03219           0.02721
c15            0.9952            0.9821            0.9942            0.9876            0.9992
c25            0.0325            0.0262            0.0551            0.0373            0.0363
c16            0.0373            0.0319            0.0555            0.0390            0.0410
c26            0.9951            0.9817            0.9940            0.9873            0.9992
c17            0.0380            0.0325            0.0566            0.0398            0.0418
c27            0.9900            0.9706            0.9936            0.9674            0.9983
c18            0.9898            0.9700            0.9934            0.9667            0.9982
    cluster_center.43 cluster_center.44 cluster_center.45 cluster_center.46 cluster_center.47
c1              1.000             1.000             1.000             1.000             1.000
c2              0.000             0.000             0.000             0.000             0.000
c11         1.0000000         1.0000000         1.0000000         1.0000000         1.0000000
c21         0.0110907         0.0117074         0.0181144         0.0104399         0.0036486
c12           1.00000           1.00000           1.00000           1.00000           1.00000
c22           0.02103           0.01423           0.01947           0.01060           0.01602
c13           0.02145           0.01451           0.01986           0.01081           0.01634
c23           0.98142           0.99854           0.98041           0.98250           0.99133
c14           0.98105           0.99851           0.98001           0.98214           0.99115
c24           0.03946           0.02222           0.03857           0.01862           0.03301
c15            0.9810            0.9985            0.9800            0.9821            0.9911
c25            0.0449            0.0379            0.0539            0.0253            0.0439
c16            0.0478            0.0385            0.0706            0.0342            0.0497
c26            0.9807            0.9985            0.9796            0.9818            0.9910
c17            0.0488            0.0392            0.0720            0.0349            0.0507
c27            0.9712            0.9843            0.9731            0.9699            0.9804
c18            0.9706            0.9840            0.9726            0.9693            0.9800
    cluster_center.48 cluster_center.49 cluster_center.50
c1              1.000             1.000             1.000
c2              0.000             0.000             0.000
c11         1.0000000         1.0000000         1.0000000
c21         0.0018945         0.0092865         0.0194257
c12           1.00000           1.00000           1.00000
c22           0.01074           0.02290           0.02189
c13           0.01096           0.02336           0.02232
c23           0.99668           0.99145           0.98355
c14           0.99661           0.99128           0.98321
c24           0.03035           0.02349           0.03990
c15            0.9966            0.9913            0.9832
c25            0.0385            0.0280            0.0468
c16            0.0483            0.0355            0.0543
c26            0.9965            0.9911            0.9829
c17            0.0493            0.0362            0.0554
c27            0.9902            0.9864            0.9831
c18            0.9900            0.9861            0.9827
 [ reached 'max' / getOption("max.print") -- omitted 185 rows ]
