[[1]]
[[1]][[1]]
[[1]][[1]][[1]]
[[1]][[1]][[1]][[1]]
[[1]][[1]][[1]][[1]][[1]]
[[1]][[1]][[1]][[1]][[1]][[1]]
[[1]][[1]][[1]][[1]][[1]][[1]][[1]]
[[1]][[1]][[1]][[1]][[1]][[1]][[1]][[1]]
[[1]][[1]][[1]][[1]][[1]][[1]][[1]][[1]][[1]]
[[1]][[1]][[1]][[1]][[1]][[1]][[1]][[1]][[1]][[1]]
   Step X1 X2 X3 X4 X5
1     0  0  0  0  0  0
2     0  0  0  0  0  0
3     0  0  0  0  0  0
4     0  0  0  0  0  0
5     0  0  0  0  0  0
6     0  1  1  1  1  1
7     0  1  1  1  1  1
8     0  1  1  1  1  1
9     0  1  1  1  1  1
10    0  1  1  1  1  1

[[1]][[1]][[1]][[1]][[1]][[1]][[1]][[1]][[1]][[2]]
   Step        X1        X2        X3        X4        X5
1     1 0.6929843 0.4350286 0.9918106 0.8747713 0.9819061
2     1 0.0000000 0.0000000 0.0000000 0.0000000 0.0000000
3     1 0.0000000 0.0000000 0.0000000 0.0000000 0.0000000
4     1 0.0000000 0.0000000 0.0000000 0.0000000 0.0000000
5     1 0.0000000 0.0000000 0.0000000 0.0000000 0.0000000
6     1 1.0000000 1.0000000 1.0000000 1.0000000 1.0000000
7     1 1.0000000 1.0000000 1.0000000 1.0000000 1.0000000
8     1 1.0000000 1.0000000 1.0000000 1.0000000 1.0000000
9     1 1.0000000 1.0000000 1.0000000 1.0000000 1.0000000
10    1 1.0000000 1.0000000 1.0000000 1.0000000 1.0000000


[[1]][[1]][[1]][[1]][[1]][[1]][[1]][[1]][[2]]
   Step        X1        X2        X3        X4        X5
1     2 0.6929843 0.4350286 0.9918106 0.8747713 0.9819061
2     2 0.0000000 0.0000000 0.0000000 0.0000000 0.0000000
3     2 0.0000000 0.0000000 0.0000000 0.0000000 0.0000000
4     2 0.0000000 0.0000000 0.0000000 0.0000000 0.0000000
5     2 0.0000000 0.0000000 0.0000000 0.0000000 0.0000000
6     2 0.9101314 0.0909401 0.2935287 0.5171461 0.9907200
7     2 1.0000000 1.0000000 1.0000000 1.0000000 1.0000000
8     2 1.0000000 1.0000000 1.0000000 1.0000000 1.0000000
9     2 1.0000000 1.0000000 1.0000000 1.0000000 1.0000000
10    2 1.0000000 1.0000000 1.0000000 1.0000000 1.0000000


[[1]][[1]][[1]][[1]][[1]][[1]][[1]][[2]]
   Step        X1        X2        X3        X4        X5
1     3 0.6929843 0.4350286 0.9918106 0.8747713 0.9819061
2     3 0.5243767 0.8752410 0.1434962 0.8992412 0.5224749
3     3 0.0000000 0.0000000 0.0000000 0.0000000 0.0000000
4     3 0.0000000 0.0000000 0.0000000 0.0000000 0.0000000
5     3 0.0000000 0.0000000 0.0000000 0.0000000 0.0000000
6     3 0.9101314 0.0909401 0.2935287 0.5171461 0.9907200
7     3 1.0000000 1.0000000 1.0000000 1.0000000 1.0000000
8     3 1.0000000 1.0000000 1.0000000 1.0000000 1.0000000
9     3 1.0000000 1.0000000 1.0000000 1.0000000 1.0000000
10    3 1.0000000 1.0000000 1.0000000 1.0000000 1.0000000


[[1]][[1]][[1]][[1]][[1]][[1]][[2]]
   Step        X1        X2        X3         X4        X5
1     4 0.6929843 0.4350286 0.9918106 0.87477129 0.9819061
2     4 0.5243767 0.8752410 0.1434962 0.89924123 0.5224749
3     4 0.0000000 0.0000000 0.0000000 0.00000000 0.0000000
4     4 0.0000000 0.0000000 0.0000000 0.00000000 0.0000000
5     4 0.0000000 0.0000000 0.0000000 0.00000000 0.0000000
6     4 0.9101314 0.0909401 0.2935287 0.51714611 0.9907200
7     4 0.3728264 0.6372410 0.1041301 0.07351497 0.5340645
8     4 1.0000000 1.0000000 1.0000000 1.00000000 1.0000000
9     4 1.0000000 1.0000000 1.0000000 1.00000000 1.0000000
10    4 1.0000000 1.0000000 1.0000000 1.00000000 1.0000000


[[1]][[1]][[1]][[1]][[1]][[2]]
   Step        X1        X2        X3         X4        X5
1     5 0.6929843 0.4350286 0.9918106 0.87477129 0.9819061
2     5 0.5243767 0.8752410 0.1434962 0.89924123 0.5224749
3     5 0.1132524 0.2814779 0.8138078 0.54203612 0.7790826
4     5 0.0000000 0.0000000 0.0000000 0.00000000 0.0000000
5     5 0.0000000 0.0000000 0.0000000 0.00000000 0.0000000
6     5 0.9101314 0.0909401 0.2935287 0.51714611 0.9907200
7     5 0.3728264 0.6372410 0.1041301 0.07351497 0.5340645
8     5 1.0000000 1.0000000 1.0000000 1.00000000 1.0000000
9     5 1.0000000 1.0000000 1.0000000 1.00000000 1.0000000
10    5 1.0000000 1.0000000 1.0000000 1.00000000 1.0000000


[[1]][[1]][[1]][[1]][[2]]
   Step        X1        X2        X3         X4        X5
1     6 0.6929843 0.4350286 0.9918106 0.87477129 0.9819061
2     6 0.5243767 0.8752410 0.1434962 0.89924123 0.5224749
3     6 0.1132524 0.2814779 0.8138078 0.54203612 0.7790826
4     6 0.0000000 0.0000000 0.0000000 0.00000000 0.0000000
5     6 0.0000000 0.0000000 0.0000000 0.00000000 0.0000000
6     6 0.9101314 0.0909401 0.2935287 0.51714611 0.9907200
7     6 0.3728264 0.6372410 0.1041301 0.07351497 0.5340645
8     6 0.7258147 0.3556177 0.6309634 0.99701044 0.6250886
9     6 1.0000000 1.0000000 1.0000000 1.00000000 1.0000000
10    6 1.0000000 1.0000000 1.0000000 1.00000000 1.0000000


[[1]][[1]][[1]][[2]]
   Step        X1        X2        X3         X4        X5
1     7 0.6929843 0.4350286 0.9918106 0.87477129 0.9819061
2     7 0.5243767 0.8752410 0.1434962 0.89924123 0.5224749
3     7 0.1132524 0.2814779 0.8138078 0.54203612 0.7790826
4     7 0.7948615 0.1603147 0.0308490 0.10461320 0.7706659
5     7 0.0000000 0.0000000 0.0000000 0.00000000 0.0000000
6     7 0.9101314 0.0909401 0.2935287 0.51714611 0.9907200
7     7 0.3728264 0.6372410 0.1041301 0.07351497 0.5340645
8     7 0.7258147 0.3556177 0.6309634 0.99701044 0.6250886
9     7 1.0000000 1.0000000 1.0000000 1.00000000 1.0000000
10    7 1.0000000 1.0000000 1.0000000 1.00000000 1.0000000


[[1]][[1]][[2]]
   Step        X1        X2        X3         X4        X5
1     8 0.6929843 0.4350286 0.9918106 0.87477129 0.9819061
2     8 0.5243767 0.8752410 0.1434962 0.89924123 0.5224749
3     8 0.1132524 0.2814779 0.8138078 0.54203612 0.7790826
4     8 0.7948615 0.1603147 0.0308490 0.10461320 0.7706659
5     8 0.0000000 0.0000000 0.0000000 0.00000000 0.0000000
6     8 0.9101314 0.0909401 0.2935287 0.51714611 0.9907200
7     8 0.3728264 0.6372410 0.1041301 0.07351497 0.5340645
8     8 0.7258147 0.3556177 0.6309634 0.99701044 0.6250886
9     8 0.3576586 0.8757937 0.4094028 0.42084187 0.6203742
10    8 1.0000000 1.0000000 1.0000000 1.00000000 1.0000000


[[1]][[2]]
   Step        X1        X2        X3         X4        X5
1     9 0.6929843 0.4350286 0.9918106 0.87477129 0.9819061
2     9 0.5243767 0.8752410 0.1434962 0.89924123 0.5224749
3     9 0.1132524 0.2814779 0.8138078 0.54203612 0.7790826
4     9 0.7948615 0.1603147 0.0308490 0.10461320 0.7706659
5     9 0.3015829 0.1209268 0.4715275 0.84347883 0.9979000
6     9 0.9101314 0.0909401 0.2935287 0.51714611 0.9907200
7     9 0.3728264 0.6372410 0.1041301 0.07351497 0.5340645
8     9 0.7258147 0.3556177 0.6309634 0.99701044 0.6250886
9     9 0.3576586 0.8757937 0.4094028 0.42084187 0.6203742
10    9 1.0000000 1.0000000 1.0000000 1.00000000 1.0000000


[[2]]
   Step        X1        X2         X3         X4        X5
1    10 0.6929843 0.4350286 0.99181061 0.87477129 0.9819061
2    10 0.5243767 0.8752410 0.14349620 0.89924123 0.5224749
3    10 0.1132524 0.2814779 0.81380780 0.54203612 0.7790826
4    10 0.7948615 0.1603147 0.03084900 0.10461320 0.7706659
5    10 0.3015829 0.1209268 0.47152753 0.84347883 0.9979000
6    10 0.9101314 0.0909401 0.29352874 0.51714611 0.9907200
7    10 0.3728264 0.6372410 0.10413014 0.07351497 0.5340645
8    10 0.7258147 0.3556177 0.63096335 0.99701044 0.6250886
9    10 0.3576586 0.8757937 0.40940280 0.42084187 0.6203742
10   10 0.7796141 0.4189227 0.02779368 0.87671101 0.2203996

    Step Cluster        X1        X2         X3         X4        X5
1      0       2 0.0000000 0.0000000 0.00000000 0.00000000 0.0000000
2      0       2 0.0000000 0.0000000 0.00000000 0.00000000 0.0000000
3      0       2 0.0000000 0.0000000 0.00000000 0.00000000 0.0000000
4      0       2 0.0000000 0.0000000 0.00000000 0.00000000 0.0000000
5      0       2 0.0000000 0.0000000 0.00000000 0.00000000 0.0000000
6      0       1 1.0000000 1.0000000 1.00000000 1.00000000 1.0000000
7      0       1 1.0000000 1.0000000 1.00000000 1.00000000 1.0000000
8      0       1 1.0000000 1.0000000 1.00000000 1.00000000 1.0000000
9      0       1 1.0000000 1.0000000 1.00000000 1.00000000 1.0000000
10     0       1 1.0000000 1.0000000 1.00000000 1.00000000 1.0000000
11     1       1 0.6929843 0.4350286 0.99181061 0.87477129 0.9819061
12     1       2 0.0000000 0.0000000 0.00000000 0.00000000 0.0000000
13     1       2 0.0000000 0.0000000 0.00000000 0.00000000 0.0000000
14     1       2 0.0000000 0.0000000 0.00000000 0.00000000 0.0000000
15     1       2 0.0000000 0.0000000 0.00000000 0.00000000 0.0000000
16     1       1 1.0000000 1.0000000 1.00000000 1.00000000 1.0000000
17     1       1 1.0000000 1.0000000 1.00000000 1.00000000 1.0000000
18     1       1 1.0000000 1.0000000 1.00000000 1.00000000 1.0000000
19     1       1 1.0000000 1.0000000 1.00000000 1.00000000 1.0000000
20     1       1 1.0000000 1.0000000 1.00000000 1.00000000 1.0000000
21     2       1 0.6929843 0.4350286 0.99181061 0.87477129 0.9819061
22     2       2 0.0000000 0.0000000 0.00000000 0.00000000 0.0000000
23     2       2 0.0000000 0.0000000 0.00000000 0.00000000 0.0000000
24     2       2 0.0000000 0.0000000 0.00000000 0.00000000 0.0000000
25     2       2 0.0000000 0.0000000 0.00000000 0.00000000 0.0000000
26     2       1 0.9101314 0.0909401 0.29352874 0.51714611 0.9907200
27     2       1 1.0000000 1.0000000 1.00000000 1.00000000 1.0000000
28     2       1 1.0000000 1.0000000 1.00000000 1.00000000 1.0000000
29     2       1 1.0000000 1.0000000 1.00000000 1.00000000 1.0000000
30     2       1 1.0000000 1.0000000 1.00000000 1.00000000 1.0000000
31     3       1 0.6929843 0.4350286 0.99181061 0.87477129 0.9819061
32     3       3 0.5243767 0.8752410 0.14349620 0.89924123 0.5224749
33     3       2 0.0000000 0.0000000 0.00000000 0.00000000 0.0000000
34     3       2 0.0000000 0.0000000 0.00000000 0.00000000 0.0000000
35     3       2 0.0000000 0.0000000 0.00000000 0.00000000 0.0000000
36     3       3 0.9101314 0.0909401 0.29352874 0.51714611 0.9907200
37     3       1 1.0000000 1.0000000 1.00000000 1.00000000 1.0000000
38     3       1 1.0000000 1.0000000 1.00000000 1.00000000 1.0000000
39     3       1 1.0000000 1.0000000 1.00000000 1.00000000 1.0000000
40     3       1 1.0000000 1.0000000 1.00000000 1.00000000 1.0000000
41     4       1 0.6929843 0.4350286 0.99181061 0.87477129 0.9819061
42     4       3 0.5243767 0.8752410 0.14349620 0.89924123 0.5224749
43     4       2 0.0000000 0.0000000 0.00000000 0.00000000 0.0000000
44     4       2 0.0000000 0.0000000 0.00000000 0.00000000 0.0000000
45     4       2 0.0000000 0.0000000 0.00000000 0.00000000 0.0000000
46     4       3 0.9101314 0.0909401 0.29352874 0.51714611 0.9907200
47     4       3 0.3728264 0.6372410 0.10413014 0.07351497 0.5340645
48     4       1 1.0000000 1.0000000 1.00000000 1.00000000 1.0000000
49     4       1 1.0000000 1.0000000 1.00000000 1.00000000 1.0000000
50     4       1 1.0000000 1.0000000 1.00000000 1.00000000 1.0000000
51     5       1 0.6929843 0.4350286 0.99181061 0.87477129 0.9819061
52     5       2 0.5243767 0.8752410 0.14349620 0.89924123 0.5224749
53     5       1 0.1132524 0.2814779 0.81380780 0.54203612 0.7790826
54     5       3 0.0000000 0.0000000 0.00000000 0.00000000 0.0000000
55     5       3 0.0000000 0.0000000 0.00000000 0.00000000 0.0000000
56     5       1 0.9101314 0.0909401 0.29352874 0.51714611 0.9907200
57     5       2 0.3728264 0.6372410 0.10413014 0.07351497 0.5340645
58     5       4 1.0000000 1.0000000 1.00000000 1.00000000 1.0000000
59     5       4 1.0000000 1.0000000 1.00000000 1.00000000 1.0000000
60     5       4 1.0000000 1.0000000 1.00000000 1.00000000 1.0000000
61     6       1 0.6929843 0.4350286 0.99181061 0.87477129 0.9819061
62     6       4 0.5243767 0.8752410 0.14349620 0.89924123 0.5224749
63     6       1 0.1132524 0.2814779 0.81380780 0.54203612 0.7790826
64     6       3 0.0000000 0.0000000 0.00000000 0.00000000 0.0000000
65     6       3 0.0000000 0.0000000 0.00000000 0.00000000 0.0000000
66     6       1 0.9101314 0.0909401 0.29352874 0.51714611 0.9907200
67     6       4 0.3728264 0.6372410 0.10413014 0.07351497 0.5340645
68     6       1 0.7258147 0.3556177 0.63096335 0.99701044 0.6250886
69     6       2 1.0000000 1.0000000 1.00000000 1.00000000 1.0000000
70     6       2 1.0000000 1.0000000 1.00000000 1.00000000 1.0000000
71     7       1 0.6929843 0.4350286 0.99181061 0.87477129 0.9819061
72     7       5 0.5243767 0.8752410 0.14349620 0.89924123 0.5224749
73     7       1 0.1132524 0.2814779 0.81380780 0.54203612 0.7790826
74     7       3 0.7948615 0.1603147 0.03084900 0.10461320 0.7706659
75     7       4 0.0000000 0.0000000 0.00000000 0.00000000 0.0000000
76     7       3 0.9101314 0.0909401 0.29352874 0.51714611 0.9907200
77     7       5 0.3728264 0.6372410 0.10413014 0.07351497 0.5340645
78     7       1 0.7258147 0.3556177 0.63096335 0.99701044 0.6250886
79     7       2 1.0000000 1.0000000 1.00000000 1.00000000 1.0000000
80     7       2 1.0000000 1.0000000 1.00000000 1.00000000 1.0000000
81     8       4 0.6929843 0.4350286 0.99181061 0.87477129 0.9819061
82     8       3 0.5243767 0.8752410 0.14349620 0.89924123 0.5224749
83     8       4 0.1132524 0.2814779 0.81380780 0.54203612 0.7790826
84     8       5 0.7948615 0.1603147 0.03084900 0.10461320 0.7706659
85     8       2 0.0000000 0.0000000 0.00000000 0.00000000 0.0000000
86     8       5 0.9101314 0.0909401 0.29352874 0.51714611 0.9907200
87     8       3 0.3728264 0.6372410 0.10413014 0.07351497 0.5340645
88     8       4 0.7258147 0.3556177 0.63096335 0.99701044 0.6250886
89     8       3 0.3576586 0.8757937 0.40940280 0.42084187 0.6203742
90     8       1 1.0000000 1.0000000 1.00000000 1.00000000 1.0000000
91     9       2 0.6929843 0.4350286 0.99181061 0.87477129 0.9819061
92     9       3 0.5243767 0.8752410 0.14349620 0.89924123 0.5224749
93     9       6 0.1132524 0.2814779 0.81380780 0.54203612 0.7790826
94     9       4 0.7948615 0.1603147 0.03084900 0.10461320 0.7706659
95     9       6 0.3015829 0.1209268 0.47152753 0.84347883 0.9979000
96     9       4 0.9101314 0.0909401 0.29352874 0.51714611 0.9907200
97     9       1 0.3728264 0.6372410 0.10413014 0.07351497 0.5340645
98     9       2 0.7258147 0.3556177 0.63096335 0.99701044 0.6250886
99     9       5 0.3576586 0.8757937 0.40940280 0.42084187 0.6203742
100    9       2 1.0000000 1.0000000 1.00000000 1.00000000 1.0000000
101   10       4 0.6929843 0.4350286 0.99181061 0.87477129 0.9819061
102   10       6 0.5243767 0.8752410 0.14349620 0.89924123 0.5224749
103   10       5 0.1132524 0.2814779 0.81380780 0.54203612 0.7790826
104   10       3 0.7948615 0.1603147 0.03084900 0.10461320 0.7706659
105   10       5 0.3015829 0.1209268 0.47152753 0.84347883 0.9979000
106   10       3 0.9101314 0.0909401 0.29352874 0.51714611 0.9907200
107   10       1 0.3728264 0.6372410 0.10413014 0.07351497 0.5340645
108   10       4 0.7258147 0.3556177 0.63096335 0.99701044 0.6250886
109   10       1 0.3576586 0.8757937 0.40940280 0.42084187 0.6203742
110   10       2 0.7796141 0.4189227 0.02779368 0.87671101 0.2203996
[[1]]
[[1]][[1]]
[[1]][[1]][[1]]
[[1]][[1]][[1]][[1]]
[[1]][[1]][[1]][[1]][[1]]
[[1]][[1]][[1]][[1]][[1]][[1]]
[[1]][[1]][[1]][[1]][[1]][[1]][[1]]
[[1]][[1]][[1]][[1]][[1]][[1]][[1]][[1]]
[[1]][[1]][[1]][[1]][[1]][[1]][[1]][[1]][[1]]
[[1]][[1]][[1]][[1]][[1]][[1]][[1]][[1]][[1]][[1]]
   Step intracls_average.c1 intracls_average.c2 intracls_centroid.c1 intracls_centroid.c2
c1    0               0.000               0.000                0.000                0.000
c2    0               0.000               0.000                0.000                0.000
   intercls_centroid.c1 intercls_centroid.c2 cluster_size cluster_center.1 cluster_center.2
c1                0.000                2.236            5            1.000            1.000
c2                2.236                0.000            5            0.000            0.000
   cluster_center.3 cluster_center.4 cluster_center.5
c1            1.000            1.000            1.000
c2            0.000            0.000            0.000

[[1]][[1]][[1]][[1]][[1]][[1]][[1]][[1]][[1]][[2]]
   Step intracls_average.c1 intracls_average.c2 intracls_centroid.c1 intracls_centroid.c2
c1    1               0.218               0.000                0.182                0.000
c2    1               0.218               0.000                0.182                0.000
   intercls_centroid.c1 intercls_centroid.c2 cluster_size cluster_center.1 cluster_center.2
c1                0.000                2.161            6            0.949            0.906
c2                2.161                0.000            4            0.000            0.000
   cluster_center.3 cluster_center.4 cluster_center.5
c1            0.999            0.979            0.997
c2            0.000            0.000            0.000


[[1]][[1]][[1]][[1]][[1]][[1]][[1]][[1]][[2]]
   Step intracls_average.c1 intracls_average.c2 intracls_centroid.c1 intracls_centroid.c2
c1    2               0.567               0.000                0.429                0.000
c2    2               0.567               0.000                0.429                0.000
   intercls_centroid.c1 intercls_centroid.c2 cluster_size cluster_center.1 cluster_center.2
c1                0.000                2.004            6            0.934            0.754
c2                2.004                0.000            4            0.000            0.000
   cluster_center.3 cluster_center.4 cluster_center.5
c1            0.881            0.899            0.995
c2            0.000            0.000            0.000


[[1]][[1]][[1]][[1]][[1]][[1]][[1]][[2]]
   Step intracls_average.c1 intracls_average.c2 intracls_average.c3 intracls_centroid.c1
c1    3               0.262               0.000               1.073                0.210
c2    3               0.262               0.000               1.073                0.210
c3    3               0.262               0.000               1.073                0.210
   intracls_centroid.c2 intracls_centroid.c3 intercls_centroid.c1 intercls_centroid.c2
c1                0.000                0.537                0.000                2.147
c2                0.000                0.537                2.147                0.000
c3                0.000                0.537                0.974                1.367
   intercls_centroid.c3 cluster_size cluster_center.1 cluster_center.2 cluster_center.3
c1                0.974            5            0.939            0.887            0.998
c2                1.367            3            0.000            0.000            0.000
c3                0.000            2            0.717            0.483            0.219
   cluster_center.4 cluster_center.5
c1            0.975            0.996
c2            0.000            0.000
c3            0.708            0.757


[[1]][[1]][[1]][[1]][[1]][[1]][[2]]
   Step intracls_average.c1 intracls_average.c2 intracls_average.c3 intracls_centroid.c1
c1    4               0.328               0.000               0.987                0.246
c2    4               0.328               0.000               0.987                0.246
c3    4               0.328               0.000               0.987                0.246
   intracls_centroid.c2 intracls_centroid.c3 intercls_centroid.c1 intercls_centroid.c2
c1                0.000                0.570                0.000                2.125
c2                0.000                0.570                2.125                0.000
c3                0.000                0.570                1.094                1.180
   intercls_centroid.c3 cluster_size cluster_center.1 cluster_center.2 cluster_center.3
c1                1.094            4            0.923            0.859            0.998
c2                1.180            3            0.000            0.000            0.000
c3                0.000            3            0.602            0.534            0.180
   cluster_center.4 cluster_center.5
c1            0.969            0.995
c2            0.000            0.000
c3            0.497            0.682


[[1]][[1]][[1]][[1]][[1]][[2]]
   Step intracls_average.c1 intracls_average.c2 intracls_average.c3 intracls_average.c4
c1    5               0.872               0.874               0.000               0.000
c2    5               0.872               0.874               0.000               0.000
c3    5               0.872               0.874               0.000               0.000
c4    5               0.872               0.874               0.000               0.000
   intracls_centroid.c1 intracls_centroid.c2 intracls_centroid.c3 intracls_centroid.c4
c1                0.503                0.437                0.000                0.000
c2                0.503                0.437                0.000                0.000
c3                0.503                0.437                0.000                0.000
c4                0.503                0.437                0.000                0.000
   intercls_centroid.c1 intercls_centroid.c2 intercls_centroid.c3 intercls_centroid.c4 cluster_size
c1                0.000                0.872                1.465                0.970            3
c2                0.872                0.000                1.142                1.272            2
c3                1.465                1.142                0.000                2.236            2
c4                0.970                1.272                2.236                0.000            3
   cluster_center.1 cluster_center.2 cluster_center.3 cluster_center.4 cluster_center.5
c1            0.572            0.269            0.700            0.645            0.917
c2            0.449            0.756            0.124            0.486            0.528
c3            0.000            0.000            0.000            0.000            0.000
c4            1.000            1.000            1.000            1.000            1.000


[[1]][[1]][[1]][[1]][[2]]
   Step intracls_average.c1 intracls_average.c2 intracls_average.c3 intracls_average.c4
c1    6               0.785               0.000               0.000               0.874
c2    6               0.785               0.000               0.000               0.874
c3    6               0.785               0.000               0.000               0.874
c4    6               0.785               0.000               0.000               0.874
   intracls_centroid.c1 intracls_centroid.c2 intracls_centroid.c3 intracls_centroid.c4
c1                0.479                0.000                0.000                0.437
c2                0.479                0.000                0.000                0.437
c3                0.479                0.000                0.000                0.437
c4                0.479                0.000                0.000                0.437
   intercls_centroid.c1 intercls_centroid.c2 intercls_centroid.c3 intercls_centroid.c4 cluster_size
c1                0.000                0.923                1.474                0.846            4
c2                0.923                0.000                2.236                1.272            2
c3                1.474                2.236                0.000                1.142            2
c4                0.846                1.272                1.142                0.000            2
   cluster_center.1 cluster_center.2 cluster_center.3 cluster_center.4 cluster_center.5
c1            0.611            0.291            0.683            0.733            0.844
c2            1.000            1.000            1.000            1.000            1.000
c3            0.000            0.000            0.000            0.000            0.000
c4            0.449            0.756            0.124            0.486            0.528


[[1]][[1]][[1]][[2]]
   Step intracls_average.c1 intracls_average.c2 intracls_average.c3 intracls_average.c4
c1    7               0.690               0.000               0.553               0.000
c2    7               0.690               0.000               0.553               0.000
c3    7               0.690               0.000               0.553               0.000
c4    7               0.690               0.000               0.553               0.000
c5    7               0.690               0.000               0.553               0.000
   intracls_average.c5 intracls_centroid.c1 intracls_centroid.c2 intracls_centroid.c3
c1               0.874                0.399                0.000                0.276
c2               0.874                0.399                0.000                0.276
c3               0.874                0.399                0.000                0.276
c4               0.874                0.399                0.000                0.276
c5               0.874                0.399                0.000                0.276
   intracls_centroid.c4 intracls_centroid.c5 intercls_centroid.c1 intercls_centroid.c2
c1                0.000                0.437                0.000                0.876
c2                0.000                0.437                0.876                0.000
c3                0.000                0.437                0.919                1.406
c4                0.000                0.437                1.526                2.236
c5                0.000                0.437                0.900                1.272
   intercls_centroid.c3 intercls_centroid.c4 intercls_centroid.c5 cluster_size cluster_center.1
c1                0.919                1.526                0.900            3            0.511
c2                1.406                2.236                1.272            2            1.000
c3                0.000                1.281                0.847            2            0.852
c4                1.281                0.000                1.142            1            0.000
c5                0.847                1.142                0.000            2            0.449
   cluster_center.2 cluster_center.3 cluster_center.4 cluster_center.5
c1            0.357            0.812            0.805            0.795
c2            1.000            1.000            1.000            1.000
c3            0.126            0.162            0.311            0.881
c4            0.000            0.000            0.000            0.000
c5            0.756            0.124            0.486            0.528


[[1]][[1]][[2]]
   Step intracls_average.c1 intracls_average.c2 intracls_average.c3 intracls_average.c4
c1    8               0.000               0.000               0.661               0.690
c2    8               0.000               0.000               0.661               0.690
c3    8               0.000               0.000               0.661               0.690
c4    8               0.000               0.000               0.661               0.690
c5    8               0.000               0.000               0.661               0.690
   intracls_average.c5 intracls_centroid.c1 intracls_centroid.c2 intracls_centroid.c3
c1               0.553                0.000                0.000                0.377
c2               0.553                0.000                0.000                0.377
c3               0.553                0.000                0.000                0.377
c4               0.553                0.000                0.000                0.377
c5               0.553                0.000                0.000                0.377
   intracls_centroid.c4 intracls_centroid.c5 intercls_centroid.c1 intercls_centroid.c2
c1                0.399                0.276                0.000                2.236
c2                0.399                0.276                2.236                0.000
c3                0.399                0.276                1.213                1.177
c4                0.399                0.276                0.876                1.526
c5                0.399                0.276                1.406                1.281
   intercls_centroid.c3 intercls_centroid.c4 intercls_centroid.c5 cluster_size cluster_center.1
c1                1.213                0.876                1.406            1            1.000
c2                1.177                1.526                1.281            1            0.000
c3                0.000                0.851                0.877            3            0.418
c4                0.851                0.000                0.919            3            0.511
c5                0.877                0.919                0.000            2            0.852
   cluster_center.2 cluster_center.3 cluster_center.4 cluster_center.5
c1            1.000            1.000            1.000            1.000
c2            0.000            0.000            0.000            0.000
c3            0.796            0.219            0.465            0.559
c4            0.357            0.812            0.805            0.795
c5            0.126            0.162            0.311            0.881


[[1]][[2]]
   Step intracls_average.c1 intracls_average.c2 intracls_average.c3 intracls_average.c4
c1    9               0.000               0.687               0.000               0.553
c2    9               0.000               0.687               0.000               0.553
c3    9               0.000               0.687               0.000               0.553
c4    9               0.000               0.687               0.000               0.553
c5    9               0.000               0.687               0.000               0.553
c6    9               0.000               0.687               0.000               0.553
   intracls_average.c5 intracls_average.c6 intracls_centroid.c1 intracls_centroid.c2
c1               0.000               0.563                0.000                0.395
c2               0.000               0.563                0.000                0.395
c3               0.000               0.563                0.000                0.395
c4               0.000               0.563                0.000                0.395
c5               0.000               0.563                0.000                0.395
c6               0.000               0.563                0.000                0.395
   intracls_centroid.c3 intracls_centroid.c4 intracls_centroid.c5 intracls_centroid.c6
c1                0.000                0.276                0.000                0.282
c2                0.000                0.276                0.000                0.282
c3                0.000                0.276                0.000                0.282
c4                0.000                0.276                0.000                0.282
c5                0.000                0.276                0.000                0.282
c6                0.000                0.276                0.000                0.282
   intercls_centroid.c1 intercls_centroid.c2 intercls_centroid.c3 intercls_centroid.c4
c1                0.000                1.295                0.874                0.820
c2                1.295                0.000                0.902                1.072
c3                0.874                0.902                0.000                1.070
c4                0.820                1.072                1.070                0.000
c5                0.528                0.919                0.580                0.974
c6                1.008                0.799                0.990                0.894
   intercls_centroid.c5 intercls_centroid.c6 cluster_size cluster_center.1 cluster_center.2
c1                0.528                1.008            1           0.3728           0.6372
c2                0.919                0.799            3           0.8063           0.5969
c3                0.580                0.990            1           0.5244           0.8752
c4                0.974                0.894            2           0.8525           0.1256
c5                0.000                0.823            1           0.3577           0.8758
c6                0.823                0.000            2           0.2074           0.2012
   cluster_center.3 cluster_center.4 cluster_center.5
c1           0.1041           0.0735           0.5341
c2           0.8743           0.9573           0.8690
c3           0.1435           0.8992           0.5225
c4           0.1622           0.3109           0.8807
c5           0.4094           0.4208           0.6204
c6           0.6427           0.6928           0.8885


[[2]]
   Step intracls_average.c1 intracls_average.c2 intracls_average.c3 intracls_average.c4
c1   10               0.528               0.000               0.553               0.529
c2   10               0.528               0.000               0.553               0.529
c3   10               0.528               0.000               0.553               0.529
c4   10               0.528               0.000               0.553               0.529
c5   10               0.528               0.000               0.553               0.529
c6   10               0.528               0.000               0.553               0.529
   intracls_average.c5 intracls_average.c6 intracls_centroid.c1 intracls_centroid.c2
c1               0.563               0.000                0.264                0.000
c2               0.563               0.000                0.264                0.000
c3               0.563               0.000                0.264                0.000
c4               0.563               0.000                0.264                0.000
c5               0.563               0.000                0.264                0.000
c6               0.563               0.000                0.264                0.000
   intracls_centroid.c3 intracls_centroid.c4 intracls_centroid.c5 intracls_centroid.c6
c1                0.276                0.265                0.282                0.000
c2                0.276                0.265                0.282                0.000
c3                0.276                0.265                0.282                0.000
c4                0.276                0.265                0.282                0.000
c5                0.276                0.265                0.282                0.000
c6                0.276                0.265                0.282                0.000
   intercls_centroid.c1 intercls_centroid.c2 intercls_centroid.c3 intercls_centroid.c4
c1                0.000                0.928                0.861                1.040
c2                0.928                0.000                0.930                0.981
c3                0.861                0.930                0.000                0.955
c4                1.040                0.981                0.955                0.000
c5                0.882                1.110                0.894                0.620
c6                0.693                0.615                1.070                0.889
   intercls_centroid.c5 intercls_centroid.c6 cluster_size cluster_center.1 cluster_center.2
c1                0.882                0.693            2           0.3652           0.7565
c2                1.110                0.615            1           0.7796           0.4189
c3                0.894                1.070            2           0.8525           0.1256
c4                0.620                0.889            2           0.7094           0.3953
c5                0.000                0.990            2           0.2074           0.2012
c6                0.990                0.000            1           0.5244           0.8752
   cluster_center.3 cluster_center.4 cluster_center.5
c1           0.2568           0.2472           0.5772
c2           0.0278           0.8767           0.2204
c3           0.1622           0.3109           0.8807
c4           0.8114           0.9359           0.8035
c5           0.6427           0.6928           0.8885
c6           0.1435           0.8992           0.5225

