    Step DB_Index_Avg DB_Index_Centroid Norm_DB_Index_Avg Norm_DB_Index_Centroid
1      0       0.0000         4.440e-16             1.000                  1.000
2      1       0.0210         2.060e-02             0.979                  0.980
3      2       0.0312         3.060e-02             0.970                  0.970
4      3       0.0541         4.870e-02             0.949                  0.954
5      4       0.0812         7.350e-02             0.925                  0.932
6      5       0.1100         1.020e-01             0.901                  0.907
7      6       0.1120         1.030e-01             0.899                  0.907
8      7       0.1240         1.130e-01             0.890                  0.898
9      8       0.1380         1.250e-01             0.879                  0.889
10     9       0.1510         1.380e-01             0.869                  0.879
11    10       0.1660         1.500e-01             0.858                  0.870
12    11       0.1760         1.570e-01             0.850                  0.864
13    12       0.1840         1.630e-01             0.845                  0.860
14    13       0.2080         1.840e-01             0.828                  0.845
15    14       0.2130         1.890e-01             0.824                  0.841
16    15       0.2390         2.090e-01             0.807                  0.827
17    16       0.2600         2.280e-01             0.794                  0.814
18    17       0.2760         2.420e-01             0.784                  0.805
19    18       0.2910         2.550e-01             0.775                  0.797
20    19       0.3010         2.630e-01             0.769                  0.792
21    20       0.3200         2.780e-01             0.758                  0.782
22    21       0.3450         2.990e-01             0.743                  0.770
23    22       0.3660         3.160e-01             0.732                  0.760
24    23       0.3790         3.270e-01             0.725                  0.754
25    24       0.3950         3.400e-01             0.717                  0.746
26    25       0.4100         3.520e-01             0.709                  0.740
27    26       0.4400         3.770e-01             0.694                  0.726
28    27       0.4540         3.890e-01             0.688                  0.720
29    28       0.4810         4.090e-01             0.675                  0.710
30    29       0.5010         4.260e-01             0.666                  0.701
31    30       0.5050         4.280e-01             0.664                  0.700
32    31       0.5250         4.430e-01             0.656                  0.693
33    32       0.5340         4.480e-01             0.652                  0.691
34    33       0.5440         4.550e-01             0.648                  0.687
35    34       0.5580         4.660e-01             0.642                  0.682
36    35       0.5860         4.850e-01             0.631                  0.673
37    36       0.6080         5.000e-01             0.622                  0.667
38    37       0.6260         5.140e-01             0.615                  0.661
39    38       0.6360         5.200e-01             0.611                  0.658
40    39       0.6470         5.250e-01             0.607                  0.656
41    40       0.6510         5.250e-01             0.606                  0.656
42    41       0.6610         5.320e-01             0.602                  0.653
43    42       0.6790         5.450e-01             0.596                  0.647
44    43       0.7320         5.920e-01             0.577                  0.628
45    44       0.6730         5.350e-01             0.598                  0.651
46    45       0.6950         5.510e-01             0.590                  0.645
47    46       0.6900         5.460e-01             0.592                  0.647
48    47       0.6940         5.480e-01             0.590                  0.646
49    48       0.7120         5.610e-01             0.584                  0.641
50    49       0.7290         5.730e-01             0.578                  0.636
51    50       0.7140         5.610e-01             0.583                  0.641
52    51       0.7050         5.530e-01             0.587                  0.644
53    52       0.8680         6.850e-01             0.535                  0.593
54    53       0.8960         7.060e-01             0.527                  0.586
55    54       0.7020         5.500e-01             0.588                  0.645
56    55       0.9220         7.260e-01             0.520                  0.579
57    56       0.7140         5.580e-01             0.583                  0.642
58    57       0.7210         5.620e-01             0.581                  0.640
59    58       0.9560         7.460e-01             0.511                  0.573
60    59       0.9920         7.730e-01             0.502                  0.564
61    60       0.7590         5.890e-01             0.569                  0.629
62    61       1.0460         8.180e-01             0.489                  0.550
63    62       0.8520         6.550e-01             0.540                  0.604
64    63       1.0930         8.460e-01             0.478                  0.542
65    64       0.8720         6.690e-01             0.534                  0.599
66    65       0.9070         6.960e-01             0.524                  0.590
67    66       1.1330         8.660e-01             0.469                  0.536
68    67       0.9450         7.240e-01             0.514                  0.580
69    68       1.1550         8.760e-01             0.464                  0.533
70    69       0.9690         7.400e-01             0.508                  0.575
71    70       0.9360         7.170e-01             0.517                  0.582
72    71       0.9420         7.200e-01             0.515                  0.581
73    72       1.2030         9.060e-01             0.454                  0.525
74    73       1.2160         9.100e-01             0.451                  0.524
75    74       1.2350         9.250e-01             0.447                  0.519
76    75       1.2480         9.300e-01             0.445                  0.518
77    76       1.1430         8.590e-01             0.467                  0.538
78    77       1.2630         9.350e-01             0.442                  0.517
79    78       1.2680         9.360e-01             0.441                  0.517
80    79       1.2850         9.470e-01             0.438                  0.514
81    80       1.3090         9.640e-01             0.433                  0.509
82    81       1.3300         9.770e-01             0.429                  0.506
83    82       1.5080         1.129e+00             0.399                  0.470
84    83       1.3470         9.850e-01             0.426                  0.504
85    84       1.3530         9.890e-01             0.425                  0.503
86    85       1.3750         1.004e+00             0.421                  0.499
87    86       1.3750         1.003e+00             0.421                  0.499
88    87       1.3870         1.010e+00             0.419                  0.498
89    88       1.3990         1.019e+00             0.417                  0.495
90    89       1.4070         1.020e+00             0.415                  0.495
91    90       1.4200         1.030e+00             0.413                  0.493
92    91       1.4380         1.042e+00             0.410                  0.490
93    92       1.4560         1.056e+00             0.407                  0.486
94    93       1.4490         1.038e+00             0.408                  0.491
95    94       1.4740         1.070e+00             0.404                  0.483
96    95       1.4580         1.042e+00             0.407                  0.490
97    96       1.5070         1.095e+00             0.399                  0.477
98    97       1.4460         1.032e+00             0.409                  0.492
99    98       1.4460         1.033e+00             0.409                  0.492
100   99       1.6620         1.203e+00             0.376                  0.454
101  100       1.4050         1.006e+00             0.416                  0.499
