    Step DB_Index_Avg DB_Index_Centroid Norm_DB_Index_Avg Norm_DB_Index_Centroid
1      0       0.0000         4.440e-16             1.000                  1.000
2      1       0.0225         2.210e-02             0.978                  0.978
3      2       0.0461         4.520e-02             0.956                  0.957
4      3       0.0677         6.480e-02             0.937                  0.939
5      4       0.0867         8.160e-02             0.920                  0.925
6      5       0.1120         1.040e-01             0.899                  0.906
7      6       0.1240         1.110e-01             0.890                  0.900
8      7       0.1420         1.280e-01             0.876                  0.887
9      8       0.1600         1.430e-01             0.862                  0.875
10     9       0.1800         1.590e-01             0.847                  0.863
11    10       0.1980         1.750e-01             0.835                  0.851
12    11       0.2350         2.100e-01             0.810                  0.826
13    12       0.2440         2.170e-01             0.804                  0.822
14    13       0.2840         2.520e-01             0.779                  0.799
15    14       0.3080         2.730e-01             0.765                  0.786
16    15       0.3410         3.030e-01             0.746                  0.767
17    16       0.3650         3.230e-01             0.733                  0.756
18    17       0.3870         3.410e-01             0.721                  0.746
19    18       0.4050         3.560e-01             0.712                  0.737
20    19       0.3760         3.260e-01             0.727                  0.754
21    20       0.4500         3.920e-01             0.690                  0.718
22    21       0.4550         3.930e-01             0.687                  0.718
23    22       0.4100         3.480e-01             0.709                  0.742
24    23       0.4910         4.200e-01             0.671                  0.704
25    24       0.5050         4.310e-01             0.664                  0.699
26    25       0.5260         4.460e-01             0.655                  0.692
27    26       0.5590         4.740e-01             0.641                  0.678
28    27       0.5790         4.880e-01             0.633                  0.672
29    28       0.4670         3.810e-01             0.682                  0.724
30    29       0.5520         4.580e-01             0.644                  0.686
31    30       0.5620         4.650e-01             0.640                  0.683
32    31       0.5800         4.770e-01             0.633                  0.677
33    32       0.5430         4.430e-01             0.648                  0.693
34    33       0.6380         5.230e-01             0.611                  0.657
35    34       0.5670         4.590e-01             0.638                  0.685
36    35       0.6030         4.870e-01             0.624                  0.672
37    36       0.6090         4.900e-01             0.622                  0.671
38    37       0.6240         5.010e-01             0.616                  0.666
39    38       0.6340         5.070e-01             0.612                  0.664
40    39       0.6490         5.160e-01             0.606                  0.660
41    40       0.6560         5.210e-01             0.604                  0.657
42    41       0.6700         5.300e-01             0.599                  0.654
43    42       0.6360         5.000e-01             0.611                  0.667
44    43       0.6480         5.070e-01             0.607                  0.664
45    44       0.6530         5.100e-01             0.605                  0.662
46    45       0.6620         5.150e-01             0.602                  0.660
47    46       0.6450         4.940e-01             0.608                  0.669
48    47       0.6810         5.270e-01             0.595                  0.655
49    48       0.6860         5.290e-01             0.593                  0.654
50    49       0.6640         5.050e-01             0.601                  0.664
51    50       0.7030         5.400e-01             0.587                  0.649
52    51       0.6610         4.960e-01             0.602                  0.668
53    52       0.6840         5.150e-01             0.594                  0.660
54    53       0.7500         5.750e-01             0.571                  0.635
55    54       0.6690         4.980e-01             0.599                  0.668
56    55       0.7670         5.850e-01             0.566                  0.631
57    56       0.6770         5.020e-01             0.596                  0.666
58    57       0.7860         5.970e-01             0.560                  0.626
59    58       0.6870         5.060e-01             0.593                  0.664
60    59       0.6930         5.080e-01             0.591                  0.663
61    60       0.7420         5.460e-01             0.574                  0.647
62    61       0.7420         5.460e-01             0.574                  0.647
63    62       0.7100         5.180e-01             0.585                  0.659
64    63       0.7170         5.210e-01             0.582                  0.657
65    64       0.7570         5.520e-01             0.569                  0.644
66    65       0.7270         5.260e-01             0.579                  0.655
67    66       0.7670         5.570e-01             0.566                  0.642
68    67       0.7340         5.300e-01             0.577                  0.654
69    68       0.7720         5.580e-01             0.564                  0.642
70    69       0.7480         5.380e-01             0.572                  0.650
71    70       0.7770         5.600e-01             0.563                  0.641
72    71       0.7520         5.380e-01             0.571                  0.650
73    72       0.7560         5.410e-01             0.569                  0.649
74    73       0.7830         5.620e-01             0.561                  0.640
75    74       0.7640         5.460e-01             0.567                  0.647
76    75       0.7720         5.500e-01             0.564                  0.645
77    76       0.7730         5.510e-01             0.564                  0.645
78    77       0.7940         5.660e-01             0.557                  0.639
79    78       0.7810         5.550e-01             0.561                  0.643
80    79       0.7860         5.570e-01             0.560                  0.642
81    80       0.7850         5.570e-01             0.560                  0.642
82    81       0.7970         5.660e-01             0.556                  0.639
83    82       0.7900         5.590e-01             0.559                  0.641
84    83       0.7960         5.630e-01             0.557                  0.640
85    84       0.7950         5.620e-01             0.557                  0.640
86    85       0.7990         5.640e-01             0.556                  0.639
87    86       0.7980         5.640e-01             0.556                  0.639
88    87       0.8080         5.710e-01             0.553                  0.637
89    88       3.5950         2.542e+00             0.218                  0.282
90    89       3.6800         2.600e+00             0.214                  0.278
91    90       3.8410         2.708e+00             0.207                  0.270
92    91       3.6010         2.543e+00             0.217                  0.282
93    92       4.1500         2.919e+00             0.194                  0.255
94    93       4.2240         2.969e+00             0.191                  0.252
95    94       4.4870         3.150e+00             0.182                  0.241
96    95       4.6670         3.275e+00             0.176                  0.234
97    96       4.8640         3.411e+00             0.171                  0.227
98    97       4.8470         3.401e+00             0.171                  0.227
99    98       5.2000         3.649e+00             0.161                  0.215
100   99       5.2950         3.719e+00             0.159                  0.212
101  100       5.3770         3.779e+00             0.157                  0.209
