    Step DB_Index_Avg DB_Index_Centroid Norm_DB_Index_Avg Norm_DB_Index_Centroid
1      0       0.0000         4.440e-16             1.000                  1.000
2      1       0.0214         2.100e-02             0.979                  0.979
3      2       0.0438         4.200e-02             0.958                  0.960
4      3       0.0685         6.610e-02             0.936                  0.938
5      4       0.0922         8.670e-02             0.916                  0.920
6      5       0.1150         1.060e-01             0.897                  0.904
7      6       0.1330         1.220e-01             0.883                  0.891
8      7       0.1430         1.300e-01             0.875                  0.885
9      8       0.1700         1.530e-01             0.855                  0.867
10     9       0.1850         1.670e-01             0.844                  0.857
11    10       0.2010         1.800e-01             0.833                  0.847
12    11       0.2300         2.060e-01             0.813                  0.829
13    12       0.2480         2.210e-01             0.801                  0.819
14    13       0.2660         2.360e-01             0.790                  0.809
15    14       0.2860         2.530e-01             0.778                  0.798
16    15       0.3120         2.750e-01             0.762                  0.784
17    16       0.3470         3.050e-01             0.742                  0.766
18    17       0.3710         3.250e-01             0.729                  0.755
19    18       0.3940         3.430e-01             0.717                  0.745
20    19       0.4150         3.600e-01             0.707                  0.735
21    20       0.4420         3.820e-01             0.693                  0.724
22    21       0.4650         4.020e-01             0.683                  0.713
23    22       0.4930         4.250e-01             0.670                  0.702
24    23       0.5170         4.450e-01             0.659                  0.692
25    24       0.5400         4.610e-01             0.649                  0.684
26    25       0.5650         4.820e-01             0.639                  0.675
27    26       0.5910         5.030e-01             0.629                  0.665
28    27       0.6110         5.180e-01             0.621                  0.659
29    28       0.6360         5.360e-01             0.611                  0.651
30    29       0.6420         5.410e-01             0.609                  0.649
31    30       0.6720         5.650e-01             0.598                  0.639
32    31       0.6890         5.780e-01             0.592                  0.634
33    32       0.6600         5.490e-01             0.602                  0.646
34    33       0.6780         5.610e-01             0.596                  0.641
35    34       0.7680         6.360e-01             0.566                  0.611
36    35       0.7960         6.580e-01             0.557                  0.603
37    36       0.8180         6.740e-01             0.550                  0.597
38    37       0.7700         6.320e-01             0.565                  0.613
39    38       0.8970         7.360e-01             0.527                  0.576
40    39       0.8410         6.870e-01             0.543                  0.593
41    40       0.6940         5.580e-01             0.590                  0.642
42    41       0.9740         7.920e-01             0.507                  0.558
43    42       0.7230         5.780e-01             0.580                  0.634
44    43       0.7650         6.100e-01             0.567                  0.621
45    44       0.7780         6.190e-01             0.562                  0.618
46    45       0.7410         5.860e-01             0.574                  0.631
47    46       1.0960         8.770e-01             0.477                  0.533
48    47       1.1220         8.960e-01             0.471                  0.527
49    48       1.1530         9.170e-01             0.464                  0.522
50    49       1.0670         8.470e-01             0.484                  0.541
51    50       1.2080         9.540e-01             0.453                  0.512
52    51       1.1310         8.920e-01             0.469                  0.529
53    52       1.2850         1.009e+00             0.438                  0.498
54    53       1.3240         1.035e+00             0.430                  0.491
55    54       0.8020         6.170e-01             0.555                  0.618
56    55       1.3870         1.079e+00             0.419                  0.481
57    56       0.8190         6.270e-01             0.550                  0.615
58    57       0.8260         6.320e-01             0.548                  0.613
59    58       1.4610         1.123e+00             0.406                  0.471
60    59       1.4990         1.149e+00             0.400                  0.465
61    60       0.9140         6.950e-01             0.522                  0.590
62    61       0.8430         6.380e-01             0.543                  0.611
63    62       0.7880         5.890e-01             0.559                  0.629
64    63       1.6790         1.269e+00             0.373                  0.441
65    64       0.8000         5.960e-01             0.556                  0.627
66    65       0.8850         6.660e-01             0.531                  0.600
67    66       1.8140         1.358e+00             0.355                  0.424
68    67       0.8200         6.080e-01             0.549                  0.622
69    68       0.9120         6.820e-01             0.523                  0.595
70    69       1.9520         1.448e+00             0.339                  0.408
71    70       1.9970         1.478e+00             0.334                  0.404
72    71       0.9390         7.010e-01             0.516                  0.588
73    72       0.8590         6.350e-01             0.538                  0.612
74    73       2.1510         1.579e+00             0.317                  0.388
75    74       2.1960         1.608e+00             0.313                  0.383
76    75       0.8840         6.520e-01             0.531                  0.605
77    76       0.8940         6.590e-01             0.528                  0.603
78    77       2.3990         1.741e+00             0.294                  0.365
79    78       2.4510         1.775e+00             0.290                  0.360
80    79       1.7880         1.319e+00             0.359                  0.431
81    80       2.5640         1.848e+00             0.281                  0.351
82    81       1.0650         7.870e-01             0.484                  0.560
83    82       2.4150         1.742e+00             0.293                  0.365
84    83       2.6690         1.919e+00             0.273                  0.343
85    84       2.4160         1.740e+00             0.293                  0.365
86    85       2.9200         2.085e+00             0.255                  0.324
87    86       0.9780         7.140e-01             0.506                  0.583
88    87       3.0530         2.173e+00             0.247                  0.315
89    88       1.6380         1.196e+00             0.379                  0.455
90    89       2.7580         1.966e+00             0.266                  0.337
91    90       3.3480         2.371e+00             0.230                  0.297
92    91       3.4910         2.470e+00             0.223                  0.288
93    92       3.6180         2.556e+00             0.217                  0.281
94    93       3.6890         2.605e+00             0.213                  0.277
95    94       3.8280         2.700e+00             0.207                  0.270
96    95       3.9590         2.793e+00             0.202                  0.264
97    96       4.0510         2.853e+00             0.198                  0.260
98    97       4.2430         2.991e+00             0.191                  0.251
99    98       4.0340         2.842e+00             0.199                  0.260
100   99       4.3830         3.092e+00             0.186                  0.244
101  100       4.0760         2.872e+00             0.197                  0.258
