    Step DB_Index_Avg DB_Index_Centroid Norm_DB_Index_Avg Norm_DB_Index_Centroid
1      0       0.0000         4.440e-16             1.000                  1.000
2      1       0.0225         2.210e-02             0.978                  0.978
3      2       0.0448         4.390e-02             0.957                  0.958
4      3       0.0661         6.310e-02             0.938                  0.941
5      4       0.0878         8.290e-02             0.919                  0.923
6      5       0.1120         1.040e-01             0.899                  0.906
7      6       0.1360         1.260e-01             0.880                  0.888
8      7       0.1580         1.450e-01             0.864                  0.873
9      8       0.1810         1.660e-01             0.847                  0.858
10     9       0.2030         1.850e-01             0.831                  0.844
11    10       0.2280         2.070e-01             0.814                  0.829
12    11       0.2530         2.280e-01             0.798                  0.814
13    12       0.2760         2.480e-01             0.784                  0.801
14    13       0.3000         2.680e-01             0.769                  0.789
15    14       0.3240         2.890e-01             0.755                  0.776
16    15       0.3510         3.120e-01             0.740                  0.762
17    16       0.3020         2.590e-01             0.768                  0.794
18    17       0.3930         3.460e-01             0.718                  0.743
19    18       0.3320         2.820e-01             0.751                  0.780
20    19       0.3490         2.950e-01             0.741                  0.772
21    20       0.4160         3.590e-01             0.706                  0.736
22    21       0.3750         3.140e-01             0.727                  0.761
23    22       0.4070         3.420e-01             0.711                  0.745
24    23       0.4140         3.470e-01             0.707                  0.742
25    24       0.4120         3.410e-01             0.708                  0.746
26    25       0.4250         3.500e-01             0.702                  0.741
27    26       0.4600         3.800e-01             0.685                  0.725
28    27       0.4500         3.670e-01             0.690                  0.732
29    28       0.4600         3.740e-01             0.685                  0.728
30    29       0.4740         3.840e-01             0.678                  0.723
31    30       0.4840         3.910e-01             0.674                  0.719
32    31       0.4970         4.000e-01             0.668                  0.714
33    32       0.5260         4.230e-01             0.655                  0.703
34    33       0.5220         4.160e-01             0.657                  0.706
35    34       0.5430         4.330e-01             0.648                  0.698
36    35       0.5450         4.320e-01             0.647                  0.698
37    36       0.5590         4.430e-01             0.641                  0.693
38    37       0.5640         4.430e-01             0.639                  0.693
39    38       0.5690         4.460e-01             0.637                  0.692
40    39       0.5830         4.550e-01             0.632                  0.687
41    40       0.5890         4.590e-01             0.629                  0.685
42    41       0.6000         4.650e-01             0.625                  0.683
43    42       0.6040         4.680e-01             0.623                  0.681
44    43       0.6150         4.730e-01             0.619                  0.679
45    44       0.6280         4.830e-01             0.614                  0.674
46    45       0.6310         4.830e-01             0.613                  0.674
47    46       0.6430         4.920e-01             0.609                  0.670
48    47       0.6460         4.930e-01             0.608                  0.670
49    48       0.6550         4.970e-01             0.604                  0.668
50    49       0.6590         4.970e-01             0.603                  0.668
51    50       0.6710         5.060e-01             0.598                  0.664
52    51       0.6720         5.060e-01             0.598                  0.664
53    52       0.6740         5.050e-01             0.597                  0.664
54    53       0.6850         5.110e-01             0.593                  0.662
55    54       0.6890         5.130e-01             0.592                  0.661
56    55       0.6960         5.180e-01             0.590                  0.659
57    56       0.7060         5.230e-01             0.586                  0.657
58    57       0.7080         5.240e-01             0.585                  0.656
59    58       0.7120         5.240e-01             0.584                  0.656
60    59       0.7180         5.270e-01             0.582                  0.655
61    60       0.7270         5.340e-01             0.579                  0.652
62    61       0.7260         5.300e-01             0.579                  0.654
63    62       0.7360         5.370e-01             0.576                  0.651
64    63       0.7390         5.390e-01             0.575                  0.650
65    64       0.7460         5.420e-01             0.573                  0.649
66    65       0.7410         5.370e-01             0.574                  0.651
67    66       0.7510         5.440e-01             0.571                  0.648
68    67       0.7520         5.420e-01             0.571                  0.649
69    68       0.7530         5.430e-01             0.570                  0.648
70    69       0.7600         5.460e-01             0.568                  0.647
71    70       0.7600         5.460e-01             0.568                  0.647
72    71       0.7660         5.480e-01             0.566                  0.646
73    72       0.7680         5.490e-01             0.566                  0.646
74    73       0.7740         5.530e-01             0.564                  0.644
75    74       0.7750         5.530e-01             0.563                  0.644
76    75       0.7830         5.570e-01             0.561                  0.642
77    76       0.7820         5.570e-01             0.561                  0.642
78    77       0.7880         5.590e-01             0.559                  0.641
79    78       0.7880         5.590e-01             0.559                  0.641
80    79       0.7850         5.570e-01             0.560                  0.642
81    80       0.7900         5.600e-01             0.559                  0.641
82    81       0.7970         5.630e-01             0.556                  0.640
83    82       0.7960         5.620e-01             0.557                  0.640
84    83       0.8020         5.660e-01             0.555                  0.639
85    84       0.8020         5.660e-01             0.555                  0.639
86    85       0.8020         5.660e-01             0.555                  0.639
87    86       0.8070         5.690e-01             0.553                  0.637
88    87       0.8120         5.720e-01             0.552                  0.636
89    88       0.8110         5.710e-01             0.552                  0.637
90    89       0.8130         5.720e-01             0.552                  0.636
91    90       0.8160         5.740e-01             0.551                  0.635
92    91       0.8200         5.770e-01             0.549                  0.634
93    92       5.1280         3.598e+00             0.163                  0.217
94    93       5.1890         3.641e+00             0.162                  0.215
95    94       5.6960         3.988e+00             0.149                  0.200
96    95       5.8140         4.070e+00             0.147                  0.197
97    96       6.3060         4.413e+00             0.137                  0.185
98    97       6.7020         4.688e+00             0.130                  0.176
99    98       7.0640         4.945e+00             0.124                  0.168
100   99       6.9400         4.858e+00             0.126                  0.171
101  100       6.8320         4.787e+00             0.128                  0.173
