    Step DB_Index_Avg DB_Index_Centroid Norm_DB_Index_Avg Norm_DB_Index_Centroid
1      0       0.0000         4.440e-16             1.000                  1.000
2      1       0.0242         2.370e-02             0.976                  0.977
3      2       0.0427         3.990e-02             0.959                  0.962
4      3       0.0575         5.260e-02             0.946                  0.950
5      4       0.0768         7.140e-02             0.929                  0.933
6      5       0.0941         8.720e-02             0.914                  0.920
7      6       0.1190         1.110e-01             0.894                  0.900
8      7       0.1360         1.250e-01             0.880                  0.889
9      8       0.1610         1.490e-01             0.861                  0.870
10     9       0.1710         1.570e-01             0.854                  0.864
11    10       0.1930         1.760e-01             0.838                  0.850
12    11       0.2140         1.960e-01             0.824                  0.836
13    12       0.2210         2.010e-01             0.819                  0.833
14    13       0.2470         2.230e-01             0.802                  0.818
15    14       0.2620         2.360e-01             0.792                  0.809
16    15       0.2840         2.570e-01             0.779                  0.796
17    16       0.3020         2.690e-01             0.768                  0.788
18    17       0.3170         2.820e-01             0.759                  0.780
19    18       0.3460         3.080e-01             0.743                  0.765
20    19       0.3510         3.100e-01             0.740                  0.763
21    20       0.3700         3.250e-01             0.730                  0.755
22    21       0.3820         3.350e-01             0.724                  0.749
23    22       0.4050         3.560e-01             0.712                  0.737
24    23       0.4210         3.690e-01             0.704                  0.730
25    24       0.4460         3.890e-01             0.692                  0.720
26    25       0.4590         3.980e-01             0.685                  0.715
27    26       0.4900         4.250e-01             0.671                  0.702
28    27       0.5060         4.380e-01             0.664                  0.695
29    28       0.5250         4.520e-01             0.656                  0.689
30    29       0.5500         4.710e-01             0.645                  0.680
31    30       0.5690         4.830e-01             0.637                  0.674
32    31       0.6020         5.090e-01             0.624                  0.663
33    32       0.5670         4.740e-01             0.638                  0.678
34    33       0.6470         5.430e-01             0.607                  0.648
35    34       3.5990         2.852e+00             0.217                  0.260
36    35       0.7000         5.820e-01             0.588                  0.632
37    36       0.7050         5.860e-01             0.587                  0.631
38    37       0.6710         5.510e-01             0.598                  0.645
39    38       0.7460         6.140e-01             0.573                  0.620
40    39       0.7000         5.720e-01             0.588                  0.636
41    40       0.7180         5.860e-01             0.582                  0.631
42    41       0.7340         5.970e-01             0.577                  0.626
43    42       0.8790         7.180e-01             0.532                  0.582
44    43       0.7960         6.420e-01             0.557                  0.609
45    44       0.8160         6.570e-01             0.551                  0.604
46    45       0.8480         6.800e-01             0.541                  0.595
47    46       0.8880         7.100e-01             0.530                  0.585
48    47       0.9060         7.230e-01             0.525                  0.580
49    48       0.9720         7.740e-01             0.507                  0.564
50    49       1.0710         8.500e-01             0.483                  0.541
51    50       1.0010         7.910e-01             0.500                  0.558
52    51       1.0240         8.070e-01             0.494                  0.553
53    52       1.0630         8.340e-01             0.485                  0.545
54    53       1.0930         8.560e-01             0.478                  0.539
55    54       1.0740         8.410e-01             0.482                  0.543
56    55       1.1230         8.750e-01             0.471                  0.533
57    56       1.0810         8.410e-01             0.481                  0.543
58    57       1.1790         9.140e-01             0.459                  0.522
59    58       1.1100         8.590e-01             0.474                  0.538
60    59       1.1490         8.870e-01             0.465                  0.530
61    60       1.2600         9.670e-01             0.442                  0.508
62    61       1.2970         9.930e-01             0.435                  0.502
63    62       1.1490         8.790e-01             0.465                  0.532
64    63       1.3060         9.930e-01             0.434                  0.502
65    64       1.3900         1.054e+00             0.418                  0.487
66    65       1.2870         9.740e-01             0.437                  0.507
67    66       1.4020         1.059e+00             0.416                  0.486
68    67       1.4440         1.087e+00             0.409                  0.479
69    68       1.4940         1.121e+00             0.401                  0.471
70    69       1.5260         1.140e+00             0.396                  0.467
71    70       1.5430         1.152e+00             0.393                  0.465
72    71       1.5300         1.137e+00             0.395                  0.468
73    72       1.5910         1.181e+00             0.386                  0.459
74    73       1.6040         1.186e+00             0.384                  0.457
75    74       1.6530         1.220e+00             0.377                  0.450
76    75       1.6480         1.212e+00             0.378                  0.452
77    76       1.7170         1.261e+00             0.368                  0.442
78    77       1.8530         1.355e+00             0.351                  0.425
79    78       1.7590         1.285e+00             0.362                  0.438
80    79       1.9560         1.424e+00             0.338                  0.413
81    80       1.8550         1.348e+00             0.350                  0.426
82    81       1.8630         1.349e+00             0.349                  0.426
83    82       1.9100         1.379e+00             0.344                  0.420
84    83       2.0470         1.474e+00             0.328                  0.404
85    84       2.1040         1.513e+00             0.322                  0.398
86    85       2.1250         1.525e+00             0.320                  0.396
87    86       2.1820         1.563e+00             0.314                  0.390
88    87       2.1530         1.539e+00             0.317                  0.394
89    88       2.1960         1.569e+00             0.313                  0.389
90    89       2.2790         1.629e+00             0.305                  0.380
91    90       2.3280         1.661e+00             0.300                  0.376
92    91       2.3450         1.673e+00             0.299                  0.374
93    92       2.3710         1.686e+00             0.297                  0.372
94    93       2.3700         1.695e+00             0.297                  0.371
95    94       2.4330         1.726e+00             0.291                  0.367
96    95       2.4360         1.741e+00             0.291                  0.365
97    96       2.4850         1.768e+00             0.287                  0.361
98    97       2.4590         1.751e+00             0.289                  0.364
99    98       2.7280         1.937e+00             0.268                  0.340
100   99       2.4430         1.741e+00             0.290                  0.365
101  100       2.4290         1.734e+00             0.292                  0.366
