    Step DB_Index_Avg DB_Index_Centroid Norm_DB_Index_Avg Norm_DB_Index_Centroid
1      0       0.0000         6.660e-16            1.0000                  1.000
2      1       0.0112         1.110e-02            0.9890                  0.989
3      2       0.0227         2.170e-02            0.9780                  0.979
4      3       0.0337         3.160e-02            0.9670                  0.969
5      4       0.0445         4.150e-02            0.9570                  0.960
6      5       0.0565         5.330e-02            0.9470                  0.949
7      6       0.0673         6.300e-02            0.9370                  0.941
8      7       0.0795         7.430e-02            0.9260                  0.931
9      8       0.0909         8.460e-02            0.9170                  0.922
10     9       0.1030         9.530e-02            0.9070                  0.913
11    10       0.1140         1.060e-01            0.8980                  0.904
12    11       0.1250         1.160e-01            0.8890                  0.896
13    12       0.1370         1.260e-01            0.8800                  0.888
14    13       0.1480         1.360e-01            0.8710                  0.880
15    14       0.1530         1.400e-01            0.8670                  0.877
16    15       0.1660         1.510e-01            0.8580                  0.869
17    16       0.1830         1.680e-01            0.8450                  0.856
18    17       0.1920         1.750e-01            0.8390                  0.851
19    18       0.2020         1.840e-01            0.8320                  0.845
20    19       0.2130         1.930e-01            0.8240                  0.838
21    20       0.2230         2.020e-01            0.8180                  0.832
22    21       0.2340         2.120e-01            0.8100                  0.825
23    22       0.2360         2.120e-01            0.8090                  0.825
24    23       0.2580         2.330e-01            0.7950                  0.811
25    24       0.2710         2.440e-01            0.7870                  0.804
26    25       0.2830         2.540e-01            0.7790                  0.797
27    26       0.2560         2.250e-01            0.7960                  0.816
28    27       0.3170         2.850e-01            0.7590                  0.778
29    28       0.2730         2.390e-01            0.7860                  0.807
30    29       0.2820         2.460e-01            0.7800                  0.803
31    30       0.2880         2.510e-01            0.7760                  0.799
32    31       0.2970         2.580e-01            0.7710                  0.795
33    32       0.3060         2.650e-01            0.7660                  0.791
34    33       0.3120         2.700e-01            0.7620                  0.787
35    34       0.3180         2.750e-01            0.7590                  0.784
36    35       0.3270         2.820e-01            0.7540                  0.780
37    36       0.3330         2.860e-01            0.7500                  0.778
38    37       0.3420         2.930e-01            0.7450                  0.773
39    38       0.3500         3.000e-01            0.7410                  0.769
40    39       0.3550         3.030e-01            0.7380                  0.767
41    40       0.3630         3.090e-01            0.7340                  0.764
42    41       0.3720         3.160e-01            0.7290                  0.760
43    42       0.3780         3.210e-01            0.7260                  0.757
44    43       0.3820         3.230e-01            0.7240                  0.756
45    44       0.3910         3.300e-01            0.7190                  0.752
46    45       0.3990         3.360e-01            0.7150                  0.749
47    46       0.4050         3.400e-01            0.7120                  0.746
48    47       0.4130         3.460e-01            0.7080                  0.743
49    48       0.4150         3.470e-01            0.7070                  0.742
50    49       0.4250         3.550e-01            0.7020                  0.738
51    50       0.4290         3.570e-01            0.7000                  0.737
52    51       0.4370         3.630e-01            0.6960                  0.734
53    52       0.4410         3.660e-01            0.6940                  0.732
54    53       0.4460         3.700e-01            0.6920                  0.730
55    54       0.4520         3.740e-01            0.6890                  0.728
56    55       0.4580         3.780e-01            0.6860                  0.726
57    56       0.4650         3.830e-01            0.6830                  0.723
58    57       0.4690         3.860e-01            0.6810                  0.722
59    58       0.4760         3.900e-01            0.6780                  0.719
60    59       0.4790         3.920e-01            0.6760                  0.718
61    60       0.4870         3.980e-01            0.6720                  0.715
62    61       0.4900         4.000e-01            0.6710                  0.714
63    62       0.4970         4.040e-01            0.6680                  0.712
64    63       0.5000         4.060e-01            0.6670                  0.711
65    64       0.5080         4.110e-01            0.6630                  0.709
66    65       0.5130         4.140e-01            0.6610                  0.707
67    66       0.5190         4.190e-01            0.6580                  0.705
68    67       0.5220         4.200e-01            0.6570                  0.704
69    68       0.5270         4.230e-01            0.6550                  0.703
70    69       0.5320         4.270e-01            0.6530                  0.701
71    70       0.5380         4.310e-01            0.6500                  0.699
72    71       0.5430         4.330e-01            0.6480                  0.698
73    72       0.5490         4.370e-01            0.6460                  0.696
74    73       0.5520         4.380e-01            0.6440                  0.695
75    74       0.5580         4.430e-01            0.6420                  0.693
76    75       0.5610         4.450e-01            0.6410                  0.692
77    76       0.5640         4.460e-01            0.6390                  0.692
78    77       0.5700         4.500e-01            0.6370                  0.690
79    78       0.5750         4.530e-01            0.6350                  0.688
80    79       0.5790         4.560e-01            0.6330                  0.687
81    80       0.5850         4.590e-01            0.6310                  0.685
82    81       0.5870         4.600e-01            0.6300                  0.685
83    82       0.5930         4.630e-01            0.6280                  0.684
84    83       0.5950         4.650e-01            0.6270                  0.683
85    84       0.5990         4.670e-01            0.6250                  0.682
86    85       0.6020         4.690e-01            0.6240                  0.681
87    86       0.6080         4.720e-01            0.6220                  0.679
88    87       0.6090         4.720e-01            0.6220                  0.679
89    88       0.6150         4.760e-01            0.6190                  0.678
90    89       0.6180         4.770e-01            0.6180                  0.677
91    90       0.6230         4.800e-01            0.6160                  0.676
92    91       0.6250         4.810e-01            0.6150                  0.675
93    92       0.6300         4.840e-01            0.6130                  0.674
94    93       0.6320         4.850e-01            0.6130                  0.673
95    94       0.6370         4.880e-01            0.6110                  0.672
96    95       0.6390         4.890e-01            0.6100                  0.672
97    96       0.6440         4.920e-01            0.6080                  0.670
98    97       0.6450         4.920e-01            0.6080                  0.670
99    98       0.6510         4.950e-01            0.6060                  0.669
100   99       0.6570         4.990e-01            0.6040                  0.667
101  100       0.6560         4.970e-01            0.6040                  0.668
102  101       0.6570         4.970e-01            0.6040                  0.668
103  102       0.6610         4.990e-01            0.6020                  0.667
104  103       0.6620         5.000e-01            0.6020                  0.667
105  104       0.6670         5.020e-01            0.6000                  0.666
106  105       0.6690         5.030e-01            0.5990                  0.665
107  106       0.6770         5.080e-01            0.5960                  0.663
108  107       0.6800         5.100e-01            0.5950                  0.662
109  108       0.6800         5.090e-01            0.5950                  0.663
110  109       0.6820         5.100e-01            0.5950                  0.662
111  110       0.6870         5.130e-01            0.5930                  0.661
112  111       0.6910         5.150e-01            0.5910                  0.660
113  112       0.6920         5.150e-01            0.5910                  0.660
114  113       0.6970         5.180e-01            0.5890                  0.659
115  114       0.6980         5.180e-01            0.5890                  0.659
116  115       0.6980         5.180e-01            0.5890                  0.659
117  116       0.7030         5.210e-01            0.5870                  0.657
118  117       0.7070         5.230e-01            0.5860                  0.657
119  118       0.7080         5.230e-01            0.5850                  0.657
120  119       0.7120         5.250e-01            0.5840                  0.656
121  120       0.7130         5.250e-01            0.5840                  0.656
122  121       0.7120         5.240e-01            0.5840                  0.656
123  122       0.7180         5.270e-01            0.5820                  0.655
124  123       0.7220         5.290e-01            0.5810                  0.654
125  124       0.7210         5.280e-01            0.5810                  0.654
126  125       0.7220         5.290e-01            0.5810                  0.654
127  126       0.7270         5.320e-01            0.5790                  0.653
128  127       0.7260         5.300e-01            0.5790                  0.654
129  128       0.7320         5.340e-01            0.5770                  0.652
130  129       0.7300         5.320e-01            0.5780                  0.653
131  130       0.7330         5.330e-01            0.5770                  0.652
132  131       0.7400         5.380e-01            0.5750                  0.650
133  132       0.7400         5.370e-01            0.5750                  0.651
134  133       0.7370         5.350e-01            0.5760                  0.651
135  134       0.7400         5.360e-01            0.5750                  0.651
136  135       0.7400         5.360e-01            0.5750                  0.651
137  136       0.7440         5.380e-01            0.5730                  0.650
138  137       0.7450         5.380e-01            0.5730                  0.650
139  138       0.7510         5.420e-01            0.5710                  0.649
140  139       0.7540         5.430e-01            0.5700                  0.648
141  140       0.7550         5.430e-01            0.5700                  0.648
142  141       0.7530         5.420e-01            0.5700                  0.649
143  142       0.7580         5.450e-01            0.5690                  0.647
144  143       0.7570         5.440e-01            0.5690                  0.648
145  144       0.7590         5.450e-01            0.5690                  0.647
146  145       0.7600         5.450e-01            0.5680                  0.647
147  146       0.7620         5.460e-01            0.5680                  0.647
148  147       0.7620         5.460e-01            0.5680                  0.647
149  148       0.7680         5.500e-01            0.5660                  0.645
150  149       0.7710         5.510e-01            0.5650                  0.645
151  150       0.7710         5.510e-01            0.5650                  0.645
152  151       0.7740         5.520e-01            0.5640                  0.644
153  152       0.7750         5.530e-01            0.5630                  0.644
154  153       0.7770         5.530e-01            0.5630                  0.644
155  154       0.7770         5.530e-01            0.5630                  0.644
156  155       0.7730         5.510e-01            0.5640                  0.645
157  156       0.7790         5.550e-01            0.5620                  0.643
158  157       0.7760         5.520e-01            0.5630                  0.644
159  158       0.7820         5.550e-01            0.5610                  0.643
160  159       0.7840         5.560e-01            0.5610                  0.643
161  160       0.7830         5.560e-01            0.5610                  0.643
162  161       0.7850         5.570e-01            0.5600                  0.642
163  162       0.7860         5.570e-01            0.5600                  0.642
164  163       0.7880         5.580e-01            0.5590                  0.642
165  164       0.7850         5.560e-01            0.5600                  0.643
166  165       0.7850         5.560e-01            0.5600                  0.643
167  166       0.7870         5.570e-01            0.5600                  0.642
168  167       0.7920         5.600e-01            0.5580                  0.641
169  168       0.7920         5.600e-01            0.5580                  0.641
170  169       0.7890         5.580e-01            0.5590                  0.642
171  170       0.7910         5.590e-01            0.5580                  0.641
172  171       0.7900         5.580e-01            0.5590                  0.642
173  172       0.7970         5.630e-01            0.5560                  0.640
174  173       0.7920         5.590e-01            0.5580                  0.641
175  174       0.7980         5.640e-01            0.5560                  0.639
176  175       0.8000         5.640e-01            0.5560                  0.639
177  176       0.7950         5.610e-01            0.5570                  0.641
178  177       0.7950         5.610e-01            0.5570                  0.641
179  178       0.8030         5.660e-01            0.5550                  0.639
180  179       0.8040         5.670e-01            0.5540                  0.638
181  180       0.8040         5.670e-01            0.5540                  0.638
182  181       0.7980         5.630e-01            0.5560                  0.640
183  182       0.8050         5.670e-01            0.5540                  0.638
184  183       0.8060         5.680e-01            0.5540                  0.638
185  184       0.8010         5.640e-01            0.5550                  0.639
186  185       0.8010         5.650e-01            0.5550                  0.639
187  186       0.8020         5.650e-01            0.5550                  0.639
188  187       0.8070         5.690e-01            0.5530                  0.637
189  188       0.8070         5.690e-01            0.5530                  0.637
190  189       7.3410         5.165e+00            0.1200                  0.162
191  190       0.8050         5.670e-01            0.5540                  0.638
192  191       0.8100         5.710e-01            0.5520                  0.637
193  192       0.8090         5.710e-01            0.5530                  0.637
194  193       8.3360         5.860e+00            0.1070                  0.146
195  194       8.7500         6.151e+00            0.1030                  0.140
196  195       9.2720         6.519e+00            0.0974                  0.133
197  196       9.4220         6.625e+00            0.0960                  0.131
198  197       9.6940         6.818e+00            0.0935                  0.128
199  198       9.6700         6.803e+00            0.0937                  0.128
200  199      10.1350         7.133e+00            0.0898                  0.123
 [ reached 'max' / getOption("max.print") -- omitted 1 rows ]
