    Step DB_Index_Avg DB_Index_Centroid Norm_DB_Index_Avg Norm_DB_Index_Centroid
1      0       0.0000         6.660e-16             1.000                  1.000
2      1       0.0115         1.140e-02             0.989                  0.989
3      2       0.0228         2.250e-02             0.978                  0.978
4      3       0.6990         4.040e-01             0.589                  0.712
5      4       0.7660         4.690e-01             0.566                  0.681
6      5       1.7220         9.370e-01             0.367                  0.516
7      6       1.6630         9.480e-01             0.376                  0.513
8      7       1.8560         1.013e+00             0.350                  0.497
9      8       1.8970         1.073e+00             0.345                  0.482
10     9       1.7650         1.005e+00             0.362                  0.499
11    10       1.9670         1.079e+00             0.337                  0.481
12    11       2.0560         1.083e+00             0.327                  0.480
13    12       2.1310         1.156e+00             0.319                  0.464
14    13       2.1220         1.130e+00             0.320                  0.469
15    14       2.1780         1.198e+00             0.315                  0.455
16    15       2.1840         1.157e+00             0.314                  0.464
17    16       2.2350         1.234e+00             0.309                  0.448
18    17       2.1220         1.174e+00             0.320                  0.460
19    18       2.1950         1.260e+00             0.313                  0.442
20    19       2.2430         1.236e+00             0.308                  0.447
21    20       2.2980         1.278e+00             0.303                  0.439
22    21       2.0430         1.163e+00             0.329                  0.462
23    22       1.9520         1.145e+00             0.339                  0.466
24    23       2.1230         1.217e+00             0.320                  0.451
25    24       2.1370         1.226e+00             0.319                  0.449
26    25       2.0710         1.175e+00             0.326                  0.460
27    26       2.1650         1.240e+00             0.316                  0.446
28    27       2.0950         1.205e+00             0.323                  0.454
29    28       2.2140         1.258e+00             0.311                  0.443
30    29       2.1580         1.231e+00             0.317                  0.448
31    30       2.0900         1.237e+00             0.324                  0.447
32    31       2.0980         1.229e+00             0.323                  0.449
33    32       2.1460         1.243e+00             0.318                  0.446
34    33       2.2110         1.252e+00             0.311                  0.444
35    34       2.2900         1.261e+00             0.304                  0.442
36    35       2.1510         1.230e+00             0.317                  0.448
37    36       2.2110         1.263e+00             0.311                  0.442
38    37       2.1300         1.235e+00             0.319                  0.447
39    38       2.1240         1.225e+00             0.320                  0.449
40    39       2.1640         1.242e+00             0.316                  0.446
41    40       2.2050         1.261e+00             0.312                  0.442
42    41       2.3140         1.313e+00             0.302                  0.432
43    42       2.2780         1.286e+00             0.305                  0.437
44    43       2.2330         1.255e+00             0.309                  0.443
45    44       2.2990         1.307e+00             0.303                  0.433
46    45       2.2750         1.319e+00             0.305                  0.431
47    46       2.2340         1.274e+00             0.309                  0.440
48    47       2.1760         1.223e+00             0.315                  0.450
49    48       2.2930         1.296e+00             0.304                  0.436
50    49       2.2850         1.267e+00             0.304                  0.441
51    50       2.1770         1.242e+00             0.315                  0.446
52    51       2.1900         1.245e+00             0.313                  0.445
53    52       2.3030         1.299e+00             0.303                  0.435
54    53       2.2060         1.231e+00             0.312                  0.448
55    54       2.1250         1.245e+00             0.320                  0.445
56    55       2.1630         1.251e+00             0.316                  0.444
57    56       2.2270         1.268e+00             0.310                  0.441
58    57       2.1840         1.262e+00             0.314                  0.442
59    58       2.2340         1.269e+00             0.309                  0.441
60    59       2.1920         1.240e+00             0.313                  0.446
61    60       2.1190         1.217e+00             0.321                  0.451
62    61       2.2430         1.288e+00             0.308                  0.437
63    62       2.2330         1.276e+00             0.309                  0.439
64    63       2.1010         1.228e+00             0.322                  0.449
65    64       2.2300         1.262e+00             0.310                  0.442
66    65       2.1660         1.255e+00             0.316                  0.443
67    66       2.2450         1.295e+00             0.308                  0.436
68    67       2.1670         1.228e+00             0.316                  0.449
69    68       2.2500         1.271e+00             0.308                  0.440
70    69       2.1810         1.267e+00             0.314                  0.441
71    70       2.2540         1.261e+00             0.307                  0.442
72    71       2.2120         1.274e+00             0.311                  0.440
73    72       2.2150         1.284e+00             0.311                  0.438
74    73       2.2580         1.271e+00             0.307                  0.440
75    74       2.3120         1.324e+00             0.302                  0.430
76    75       2.2840         1.278e+00             0.305                  0.439
77    76       2.2070         1.275e+00             0.312                  0.440
78    77       2.1950         1.271e+00             0.313                  0.440
79    78       2.2280         1.262e+00             0.310                  0.442
80    79       2.2030         1.271e+00             0.312                  0.440
81    80       2.3040         1.312e+00             0.303                  0.433
82    81       2.1830         1.246e+00             0.314                  0.445
83    82       2.2160         1.263e+00             0.311                  0.442
84    83       2.2350         1.271e+00             0.309                  0.440
85    84       2.2050         1.262e+00             0.312                  0.442
86    85       2.3370         1.332e+00             0.300                  0.429
87    86       2.3340         1.316e+00             0.300                  0.432
88    87       2.2470         1.291e+00             0.308                  0.436
89    88       2.2480         1.267e+00             0.308                  0.441
90    89       2.2760         1.281e+00             0.305                  0.438
91    90       2.2360         1.299e+00             0.309                  0.435
92    91       2.2310         1.267e+00             0.310                  0.441
93    92       2.2810         1.301e+00             0.305                  0.435
94    93       2.2180         1.254e+00             0.311                  0.444
95    94       2.2180         1.264e+00             0.311                  0.442
96    95       2.2000         1.269e+00             0.312                  0.441
97    96       2.1950         1.286e+00             0.313                  0.437
98    97       2.2950         1.290e+00             0.303                  0.437
99    98       2.2980         1.324e+00             0.303                  0.430
100   99       2.2800         1.278e+00             0.305                  0.439
101  100       2.2780         1.314e+00             0.305                  0.432
102  101       2.2450         1.264e+00             0.308                  0.442
103  102       2.2970         1.318e+00             0.303                  0.431
104  103       2.2810         1.257e+00             0.305                  0.443
105  104       2.2560         1.295e+00             0.307                  0.436
106  105       2.2960         1.283e+00             0.303                  0.438
107  106       2.3110         1.275e+00             0.302                  0.440
108  107       2.2860         1.286e+00             0.304                  0.437
109  108       2.3100         1.276e+00             0.302                  0.439
110  109       2.2330         1.266e+00             0.309                  0.441
111  110       2.2810         1.286e+00             0.305                  0.437
112  111       2.2830         1.297e+00             0.305                  0.435
113  112       2.2940         1.290e+00             0.304                  0.437
114  113       2.3070         1.290e+00             0.302                  0.437
115  114       2.2090         1.257e+00             0.312                  0.443
116  115       2.2400         1.278e+00             0.309                  0.439
117  116       2.2660         1.287e+00             0.306                  0.437
118  117       2.3300         1.309e+00             0.300                  0.433
119  118       2.2620         1.277e+00             0.307                  0.439
120  119       2.2970         1.284e+00             0.303                  0.438
121  120       2.2760         1.292e+00             0.305                  0.436
122  121       2.3100         1.298e+00             0.302                  0.435
123  122       2.2850         1.296e+00             0.304                  0.436
124  123       2.2480         1.266e+00             0.308                  0.441
125  124       2.3250         1.295e+00             0.301                  0.436
126  125       2.3010         1.289e+00             0.303                  0.437
127  126       2.3660         1.299e+00             0.297                  0.435
128  127       2.3280         1.300e+00             0.300                  0.435
129  128       2.3580         1.341e+00             0.298                  0.427
130  129       2.3280         1.280e+00             0.300                  0.439
131  130       2.3250         1.284e+00             0.301                  0.438
132  131       2.2550         1.276e+00             0.307                  0.439
133  132       2.3760         1.306e+00             0.296                  0.434
134  133       2.3670         1.322e+00             0.297                  0.431
135  134       2.3350         1.289e+00             0.300                  0.437
136  135       2.2620         1.280e+00             0.307                  0.439
137  136       2.3140         1.272e+00             0.302                  0.440
138  137       2.2830         1.291e+00             0.305                  0.436
139  138       2.3230         1.278e+00             0.301                  0.439
140  139       2.3330         1.313e+00             0.300                  0.432
141  140       2.3020         1.287e+00             0.303                  0.437
142  141       2.3100         1.287e+00             0.302                  0.437
143  142       2.3240         1.294e+00             0.301                  0.436
144  143       2.2790         1.284e+00             0.305                  0.438
145  144       2.3030         1.279e+00             0.303                  0.439
146  145       2.3350         1.300e+00             0.300                  0.435
147  146       2.3060         1.297e+00             0.302                  0.435
148  147       2.2680         1.268e+00             0.306                  0.441
149  148       2.3360         1.285e+00             0.300                  0.438
150  149       2.2330         1.260e+00             0.309                  0.442
151  150       2.3310         1.281e+00             0.300                  0.438
152  151       2.3260         1.290e+00             0.301                  0.437
153  152       2.3770         1.321e+00             0.296                  0.431
154  153       2.3120         1.274e+00             0.302                  0.440
155  154       2.3490         1.330e+00             0.299                  0.429
156  155       2.2730         1.308e+00             0.306                  0.433
157  156       2.3300         1.281e+00             0.300                  0.438
158  157       2.3100         1.283e+00             0.302                  0.438
159  158       2.3080         1.288e+00             0.302                  0.437
160  159       2.3080         1.283e+00             0.302                  0.438
161  160       2.3330         1.309e+00             0.300                  0.433
162  161       2.3260         1.301e+00             0.301                  0.435
163  162       2.3240         1.292e+00             0.301                  0.436
164  163       2.2600         1.276e+00             0.307                  0.439
165  164       2.2870         1.289e+00             0.304                  0.437
166  165       2.2780         1.293e+00             0.305                  0.436
167  166       2.3600         1.334e+00             0.298                  0.428
168  167       2.2720         1.287e+00             0.306                  0.437
169  168       2.3130         1.318e+00             0.302                  0.431
170  169       2.3130         1.274e+00             0.302                  0.440
171  170       2.3210         1.292e+00             0.301                  0.436
172  171       2.2660         1.274e+00             0.306                  0.440
173  172       2.2950         1.287e+00             0.303                  0.437
174  173       2.2790         1.268e+00             0.305                  0.441
175  174       2.3070         1.295e+00             0.302                  0.436
176  175       2.2520         1.268e+00             0.308                  0.441
177  176       2.3040         1.305e+00             0.303                  0.434
178  177       2.3010         1.268e+00             0.303                  0.441
179  178       2.3600         1.305e+00             0.298                  0.434
180  179       2.2850         1.265e+00             0.304                  0.442
181  180       2.3160         1.317e+00             0.302                  0.432
182  181       2.3110         1.294e+00             0.302                  0.436
183  182       2.3100         1.282e+00             0.302                  0.438
184  183       2.3180         1.271e+00             0.301                  0.440
185  184       2.2600         1.269e+00             0.307                  0.441
186  185       2.3090         1.282e+00             0.302                  0.438
187  186       2.3050         1.303e+00             0.303                  0.434
188  187       2.3070         1.274e+00             0.302                  0.440
189  188       2.3040         1.282e+00             0.303                  0.438
190  189       2.3060         1.298e+00             0.302                  0.435
191  190       2.3090         1.289e+00             0.302                  0.437
192  191       2.3090         1.301e+00             0.302                  0.435
193  192       2.3090         1.297e+00             0.302                  0.435
194  193       2.3200         1.310e+00             0.301                  0.433
195  194       2.3130         1.292e+00             0.302                  0.436
196  195       2.2850         1.282e+00             0.304                  0.438
197  196       2.3260         1.280e+00             0.301                  0.439
198  197       2.2730         1.263e+00             0.306                  0.442
199  198       2.3050         1.288e+00             0.303                  0.437
200  199       2.2950         1.288e+00             0.303                  0.437
 [ reached 'max' / getOption("max.print") -- omitted 1 rows ]
