   Step DB_Index_Avg DB_Index_Centroid Norm_DB_Index_Avg Norm_DB_Index_Centroid
1     0        0.000          1.11e-16             1.000                  1.000
2     1        0.111          1.01e-01             0.900                  0.908
3     2        0.235          2.11e-01             0.810                  0.826
4     3        0.743          4.29e-01             0.574                  0.700
5     4        0.875          5.35e-01             0.533                  0.651
6     5        0.912          5.63e-01             0.523                  0.640
7     6        0.787          5.02e-01             0.560                  0.666
8     7        1.308          7.00e-01             0.433                  0.588
9     8        1.732          9.10e-01             0.366                  0.524
10    9        1.156          6.85e-01             0.464                  0.593
11   10        1.234          7.56e-01             0.448                  0.569
12   11        1.346          7.53e-01             0.426                  0.570
13   12        1.545          9.02e-01             0.393                  0.526
14   13        1.314          7.30e-01             0.432                  0.578
15   14        1.711          9.12e-01             0.369                  0.523
16   15        1.520          8.29e-01             0.397                  0.547
17   16        1.439          7.98e-01             0.410                  0.556
18   17        1.363          7.79e-01             0.423                  0.562
19   18        1.434          8.24e-01             0.411                  0.548
20   19        1.480          8.05e-01             0.403                  0.554
21   20        1.553          8.19e-01             0.392                  0.550
