    Step DB_Index_Avg DB_Index_Centroid Norm_DB_Index_Avg Norm_DB_Index_Centroid
1      0      0.00000          6.66e-16             1.000                  1.000
2      1      0.00961          9.52e-03             0.990                  0.991
3      2      0.01310          1.29e-02             0.987                  0.987
4      3      0.01380          1.36e-02             0.986                  0.987
5      4      0.02080          2.04e-02             0.980                  0.980
6      5      0.02440          2.40e-02             0.976                  0.977
7      6      0.03070          3.01e-02             0.970                  0.971
8      7      0.03080          3.01e-02             0.970                  0.971
9      8      0.03090          3.02e-02             0.970                  0.971
10     9      0.03140          3.06e-02             0.970                  0.970
11    10      0.03850          3.74e-02             0.963                  0.964
12    11      0.04050          3.92e-02             0.961                  0.962
13    12      0.04620          4.47e-02             0.956                  0.957
14    13      0.05240          5.08e-02             0.950                  0.952
15    14      0.05850          5.66e-02             0.945                  0.946
16    15      0.06270          6.07e-02             0.941                  0.943
17    16      0.06940          6.71e-02             0.935                  0.937
18    17      0.06980          6.72e-02             0.935                  0.937
19    18      0.07820          7.53e-02             0.927                  0.930
20    19      0.07850          7.51e-02             0.927                  0.930
21    20      0.08330          7.97e-02             0.923                  0.926
22    21      0.08570          8.18e-02             0.921                  0.924
23    22      0.08980          8.56e-02             0.918                  0.921
24    23      0.09620          9.18e-02             0.912                  0.916
25    24      0.09690          9.21e-02             0.912                  0.916
26    25      0.10200          9.65e-02             0.907                  0.912
27    26      0.10600          1.01e-01             0.904                  0.908
28    27      0.11200          1.06e-01             0.899                  0.904
29    28      0.12000          1.13e-01             0.893                  0.898
30    29      0.12400          1.18e-01             0.890                  0.894
31    30      0.13200          1.25e-01             0.883                  0.889
32    31      0.13300          1.26e-01             0.883                  0.888
33    32      0.13700          1.29e-01             0.880                  0.886
34    33      0.14500          1.36e-01             0.873                  0.880
35    34      0.15500          1.46e-01             0.866                  0.873
36    35      0.16000          1.50e-01             0.862                  0.870
37    36      0.16600          1.57e-01             0.858                  0.864
38    37      0.17100          1.61e-01             0.854                  0.861
39    38      0.17400          1.64e-01             0.852                  0.859
40    39      0.17600          1.65e-01             0.850                  0.858
41    40      0.18200          1.70e-01             0.846                  0.855
42    41      0.18600          1.74e-01             0.843                  0.852
43    42      0.19500          1.82e-01             0.837                  0.846
44    43      0.20400          1.90e-01             0.831                  0.840
45    44      0.21000          1.96e-01             0.826                  0.836
46    45      0.21100          1.96e-01             0.826                  0.836
47    46      0.21900          2.04e-01             0.820                  0.831
48    47      0.22000          2.03e-01             0.820                  0.831
49    48      0.22400          2.07e-01             0.817                  0.829
50    49      0.22400          2.07e-01             0.817                  0.829
51    50      0.23100          2.12e-01             0.812                  0.825
52    51      0.23800          2.19e-01             0.808                  0.820
53    52      0.24000          2.20e-01             0.806                  0.820
54    53      0.24400          2.23e-01             0.804                  0.818
55    54      0.24700          2.25e-01             0.802                  0.816
56    55      0.25700          2.34e-01             0.796                  0.810
57    56      0.26000          2.36e-01             0.794                  0.809
58    57      0.26200          2.38e-01             0.792                  0.808
59    58      0.26800          2.43e-01             0.789                  0.805
60    59      0.27600          2.50e-01             0.784                  0.800
61    60      0.28100          2.55e-01             0.781                  0.797
62    61      0.28300          2.56e-01             0.779                  0.796
63    62      0.28600          2.57e-01             0.778                  0.796
64    63      0.29100          2.62e-01             0.775                  0.792
65    64      0.29200          2.62e-01             0.774                  0.792
66    65      0.30100          2.69e-01             0.769                  0.788
67    66      0.30500          2.72e-01             0.766                  0.786
68    67      0.31100          2.78e-01             0.763                  0.782
69    68      0.32100          2.86e-01             0.757                  0.778
70    69      0.32300          2.87e-01             0.756                  0.777
71    70      0.32400          2.87e-01             0.755                  0.777
72    71      0.33000          2.92e-01             0.752                  0.774
73    72      0.33100          2.92e-01             0.751                  0.774
74    73      0.33200          2.92e-01             0.751                  0.774
75    74      0.33600          2.96e-01             0.749                  0.772
76    75      0.34200          3.01e-01             0.745                  0.769
77    76      0.35100          3.09e-01             0.740                  0.764
78    77      0.35700          3.14e-01             0.737                  0.761
79    78      0.36100          3.17e-01             0.735                  0.759
80    79      0.36400          3.19e-01             0.733                  0.758
81    80      0.36600          3.19e-01             0.732                  0.758
82    81      0.37200          3.24e-01             0.729                  0.755
83    82      0.37400          3.25e-01             0.728                  0.755
84    83      0.37500          3.25e-01             0.727                  0.755
85    84      0.38000          3.30e-01             0.725                  0.752
86    85      0.38100          3.30e-01             0.724                  0.752
87    86      0.38300          3.31e-01             0.723                  0.751
88    87      0.38600          3.33e-01             0.722                  0.750
89    88      0.39200          3.38e-01             0.718                  0.747
90    89      0.39300          3.38e-01             0.718                  0.747
91    90      0.39300          3.38e-01             0.718                  0.747
92    91      0.39400          3.37e-01             0.717                  0.748
93    92      0.39400          3.37e-01             0.717                  0.748
94    93      0.39500          3.37e-01             0.717                  0.748
95    94      0.40100          3.42e-01             0.714                  0.745
96    95      0.40200          3.42e-01             0.713                  0.745
97    96      0.40800          3.47e-01             0.710                  0.742
98    97      0.40800          3.47e-01             0.710                  0.742
99    98      0.41000          3.47e-01             0.709                  0.742
100   99      0.41200          3.47e-01             0.708                  0.742
101  100      0.41400          3.49e-01             0.707                  0.741
102  101      0.42000          3.54e-01             0.704                  0.739
103  102      0.42700          3.59e-01             0.701                  0.736
104  103      0.43400          3.65e-01             0.697                  0.733
105  104      0.43500          3.65e-01             0.697                  0.733
106  105      0.43500          3.65e-01             0.697                  0.733
107  106      0.43800          3.67e-01             0.695                  0.732
108  107      0.43900          3.66e-01             0.695                  0.732
109  108      0.44300          3.68e-01             0.693                  0.731
110  109      0.44300          3.68e-01             0.693                  0.731
111  110      0.44400          3.67e-01             0.693                  0.732
112  111      0.45200          3.74e-01             0.689                  0.728
113  112      0.46000          3.80e-01             0.685                  0.725
114  113      0.46300          3.82e-01             0.684                  0.724
115  114      0.47000          3.88e-01             0.680                  0.720
116  115      0.47200          3.88e-01             0.679                  0.720
117  116      0.47500          3.90e-01             0.678                  0.719
118  117      0.47800          3.92e-01             0.677                  0.718
119  118      0.48000          3.92e-01             0.676                  0.718
120  119      0.48000          3.92e-01             0.676                  0.718
121  120      0.48400          3.95e-01             0.674                  0.717
122  121      0.48900          3.98e-01             0.672                  0.715
123  122      0.48900          3.98e-01             0.672                  0.715
124  123      0.49200          4.00e-01             0.670                  0.714
125  124      0.49200          3.99e-01             0.670                  0.715
126  125      0.49300          3.99e-01             0.670                  0.715
127  126      0.50100          4.04e-01             0.666                  0.712
128  127      0.50100          4.04e-01             0.666                  0.712
129  128      0.51000          4.10e-01             0.662                  0.709
130  129      0.51600          4.15e-01             0.660                  0.707
131  130      0.51600          4.15e-01             0.660                  0.707
132  131      0.52000          4.18e-01             0.658                  0.705
133  132      0.52400          4.21e-01             0.656                  0.704
134  133      0.52400          4.21e-01             0.656                  0.704
135  134      0.52400          4.20e-01             0.656                  0.704
136  135      0.53100          4.25e-01             0.653                  0.702
137  136      0.53100          4.25e-01             0.653                  0.702
138  137      0.53200          4.24e-01             0.653                  0.702
139  138      0.53300          4.23e-01             0.652                  0.703
140  139      0.53200          4.23e-01             0.653                  0.703
141  140      0.53500          4.24e-01             0.651                  0.702
142  141      0.53600          4.24e-01             0.651                  0.702
143  142      0.54100          4.27e-01             0.649                  0.701
144  143      0.54000          4.27e-01             0.649                  0.701
145  144      0.54100          4.26e-01             0.649                  0.701
146  145      0.54100          4.26e-01             0.649                  0.701
147  146      0.54000          4.26e-01             0.649                  0.701
148  147      0.54100          4.25e-01             0.649                  0.702
149  148      0.54200          4.24e-01             0.649                  0.702
150  149      0.54200          4.23e-01             0.649                  0.703
151  150      0.54500          4.24e-01             0.647                  0.702
152  151      0.55000          4.28e-01             0.645                  0.700
153  152      0.55000          4.27e-01             0.645                  0.701
154  153      0.54900          4.26e-01             0.646                  0.701
155  154      0.54900          4.26e-01             0.646                  0.701
156  155      0.55000          4.25e-01             0.645                  0.702
157  156      0.55000          4.25e-01             0.645                  0.702
158  157      0.54900          4.24e-01             0.646                  0.702
159  158      0.54900          4.24e-01             0.646                  0.702
160  159      0.55200          4.26e-01             0.644                  0.701
161  160      0.56000          4.32e-01             0.641                  0.698
162  161      0.56300          4.34e-01             0.640                  0.697
163  162      0.56300          4.33e-01             0.640                  0.698
164  163      0.56300          4.32e-01             0.640                  0.698
165  164      0.56500          4.33e-01             0.639                  0.698
166  165      0.56400          4.33e-01             0.639                  0.698
167  166      0.56400          4.31e-01             0.639                  0.699
168  167      0.57100          4.37e-01             0.637                  0.696
169  168      0.57400          4.39e-01             0.635                  0.695
170  169      0.57600          4.41e-01             0.635                  0.694
171  170      0.58200          4.45e-01             0.632                  0.692
172  171      0.58200          4.45e-01             0.632                  0.692
173  172      0.58200          4.44e-01             0.632                  0.693
174  173      0.58100          4.43e-01             0.633                  0.693
175  174      0.58100          4.43e-01             0.633                  0.693
176  175      0.58400          4.45e-01             0.631                  0.692
177  176      0.58400          4.44e-01             0.631                  0.693
178  177      0.58300          4.44e-01             0.632                  0.693
179  178      0.58300          4.43e-01             0.632                  0.693
180  179      0.58500          4.44e-01             0.631                  0.693
181  180      0.58700          4.46e-01             0.630                  0.692
182  181      0.58700          4.45e-01             0.630                  0.692
183  182      0.58600          4.44e-01             0.631                  0.693
184  183      0.58500          4.44e-01             0.631                  0.693
185  184      0.58400          4.43e-01             0.631                  0.693
186  185      0.58400          4.42e-01             0.631                  0.693
187  186      0.58300          4.40e-01             0.632                  0.694
188  187      0.58200          4.40e-01             0.632                  0.694
189  188      0.58900          4.45e-01             0.629                  0.692
190  189      0.58800          4.44e-01             0.630                  0.693
191  190      0.58800          4.43e-01             0.630                  0.693
192  191      0.58800          4.43e-01             0.630                  0.693
193  192      0.58700          4.42e-01             0.630                  0.693
194  193      0.58700          4.42e-01             0.630                  0.693
195  194      0.58600          4.41e-01             0.631                  0.694
196  195      0.58700          4.41e-01             0.630                  0.694
197  196      0.58600          4.39e-01             0.631                  0.695
198  197      0.58400          4.39e-01             0.631                  0.695
199  198      0.58500          4.39e-01             0.631                  0.695
200  199      0.58400          4.37e-01             0.631                  0.696
 [ reached 'max' / getOption("max.print") -- omitted 1 rows ]
