   Step DB_Index_Avg DB_Index_Centroid Norm_DB_Index_Avg Norm_DB_Index_Centroid
1     0       0.0000         2.220e-16             1.000                  1.000
2     1       0.0523         4.970e-02             0.950                  0.953
3     2       0.1000         9.270e-02             0.909                  0.915
4     3       0.1510         1.340e-01             0.869                  0.882
5     4       0.1990         1.750e-01             0.834                  0.851
6     5       0.2360         2.030e-01             0.809                  0.831
7     6       0.2940         2.580e-01             0.773                  0.795
8     7       0.3480         3.010e-01             0.742                  0.769
9     8       0.3840         3.290e-01             0.723                  0.752
10    9       0.4300         3.630e-01             0.699                  0.734
11   10       0.4640         3.880e-01             0.683                  0.720
12   11       0.5080         4.200e-01             0.663                  0.704
13   12       0.5330         4.390e-01             0.652                  0.695
14   13       0.5650         4.590e-01             0.639                  0.685
15   14       0.6370         5.170e-01             0.611                  0.659
16   15       0.6350         5.060e-01             0.612                  0.664
17   16       0.6630         5.270e-01             0.601                  0.655
18   17       0.6120         4.710e-01             0.620                  0.680
19   18       0.7190         5.620e-01             0.582                  0.640
20   19       0.7540         5.830e-01             0.570                  0.632
21   20       0.6650         4.970e-01             0.601                  0.668
22   21       0.8200         6.260e-01             0.549                  0.615
23   22       0.6950         5.110e-01             0.590                  0.662
24   23       0.6980         5.120e-01             0.589                  0.661
25   24       0.7180         5.210e-01             0.582                  0.657
26   25       0.7320         5.250e-01             0.577                  0.656
27   26       0.7380         5.300e-01             0.575                  0.654
28   27       0.7340         5.260e-01             0.577                  0.655
29   28       0.7590         5.390e-01             0.569                  0.650
30   29       0.7740         5.460e-01             0.564                  0.647
31   30       0.7680         5.420e-01             0.566                  0.649
32   31       0.7940         5.570e-01             0.557                  0.642
33   32       0.7740         5.430e-01             0.564                  0.648
34   33       0.8090         5.650e-01             0.553                  0.639
35   34       0.7840         5.480e-01             0.561                  0.646
36   35       0.8120         5.660e-01             0.552                  0.639
37   36       4.0280         2.783e+00             0.199                  0.264
38   37       4.0170         2.771e+00             0.199                  0.265
39   38       0.7870         5.500e-01             0.560                  0.645
40   39       4.6370         3.197e+00             0.177                  0.238
41   40       4.6550         3.218e+00             0.177                  0.237
