   Step DB_Index_Avg DB_Index_Centroid Norm_DB_Index_Avg Norm_DB_Index_Centroid
1     0       0.0000         2.220e-16             1.000                  1.000
2     1       0.0534         5.080e-02             0.949                  0.952
3     2       0.1140         1.090e-01             0.898                  0.902
4     3       0.7260         4.190e-01             0.579                  0.705
5     4       0.7400         4.530e-01             0.575                  0.688
6     5       0.8670         5.310e-01             0.536                  0.653
7     6       0.8570         5.420e-01             0.539                  0.649
8     7       1.6120         9.080e-01             0.383                  0.524
9     8       1.4980         8.890e-01             0.400                  0.529
10    9       1.6720         9.530e-01             0.374                  0.512
11   10       1.7070         9.860e-01             0.369                  0.504
12   11       1.5750         9.090e-01             0.388                  0.524
13   12       1.7910         1.008e+00             0.358                  0.498
14   13       1.6790         9.610e-01             0.373                  0.510
15   14       1.8670         1.043e+00             0.349                  0.489
16   15       1.7790         9.850e-01             0.360                  0.504
17   16       1.6540         9.570e-01             0.377                  0.511
18   17       1.8600         9.900e-01             0.350                  0.503
19   18       1.9370         1.056e+00             0.340                  0.486
20   19       1.6730         9.290e-01             0.374                  0.518
21   20       1.7850         9.870e-01             0.359                  0.503
22   21       1.7090         9.620e-01             0.369                  0.510
23   22       1.7820         9.920e-01             0.359                  0.502
24   23       1.8750         1.000e+00             0.348                  0.500
25   24       1.7680         9.790e-01             0.361                  0.505
26   25       1.9630         1.047e+00             0.337                  0.489
27   26       1.8430         1.029e+00             0.352                  0.493
28   27       1.7720         9.840e-01             0.361                  0.504
29   28       1.9010         1.035e+00             0.345                  0.491
30   29       1.7840         9.830e-01             0.359                  0.504
31   30       1.8470         1.016e+00             0.351                  0.496
32   31       1.7580         9.690e-01             0.363                  0.508
33   32       1.8340         1.009e+00             0.353                  0.498
34   33       1.8190         1.011e+00             0.355                  0.497
35   34       1.6750         9.710e-01             0.374                  0.507
36   35       1.7990         1.003e+00             0.357                  0.499
37   36       1.7960         1.012e+00             0.358                  0.497
38   37       1.8630         1.019e+00             0.349                  0.495
39   38       1.9160         1.022e+00             0.343                  0.495
40   39       1.7780         9.890e-01             0.360                  0.503
41   40       1.8790         1.015e+00             0.347                  0.496
