    Step DB_Index_Avg DB_Index_Centroid Norm_DB_Index_Avg Norm_DB_Index_Centroid
1      0      0.00000          6.66e-16             1.000                  1.000
2      1      0.00482          4.80e-03             0.995                  0.995
3      2      0.00655          6.51e-03             0.993                  0.994
4      3      0.01120          1.11e-02             0.989                  0.989
5      4      0.01630          1.62e-02             0.984                  0.984
6      5      0.01690          1.67e-02             0.983                  0.984
7      6      0.01920          1.90e-02             0.981                  0.981
8      7      0.01950          1.93e-02             0.981                  0.981
9      8      0.02420          2.39e-02             0.976                  0.977
10     9      0.02770          2.73e-02             0.973                  0.973
11    10      0.02790          2.75e-02             0.973                  0.973
12    11      0.02900          2.85e-02             0.972                  0.972
13    12      0.03380          3.32e-02             0.967                  0.968
14    13      0.03380          3.32e-02             0.967                  0.968
15    14      0.03680          3.62e-02             0.965                  0.965
16    15      0.03830          3.76e-02             0.963                  0.964
17    16      0.03940          3.86e-02             0.962                  0.963
18    17      0.04290          4.21e-02             0.959                  0.960
19    18      0.04530          4.43e-02             0.957                  0.958
20    19      0.04800          4.70e-02             0.954                  0.955
21    20      0.05110          5.00e-02             0.951                  0.952
22    21      0.05310          5.20e-02             0.950                  0.951
23    22      0.05750          5.62e-02             0.946                  0.947
24    23      0.06170          6.03e-02             0.942                  0.943
25    24      0.06610          6.46e-02             0.938                  0.939
26    25      0.06760          6.60e-02             0.937                  0.938
27    26      0.06770          6.60e-02             0.937                  0.938
28    27      0.07070          6.89e-02             0.934                  0.936
29    28      0.07420          7.24e-02             0.931                  0.932
30    29      0.07750          7.55e-02             0.928                  0.930
31    30      0.07820          7.60e-02             0.927                  0.929
32    31      0.08290          8.06e-02             0.923                  0.925
33    32      0.08370          8.13e-02             0.923                  0.925
34    33      0.08540          8.28e-02             0.921                  0.924
35    34      0.08710          8.44e-02             0.920                  0.922
36    35      0.08920          8.63e-02             0.918                  0.921
37    36      0.09290          8.99e-02             0.915                  0.918
38    37      0.09640          9.33e-02             0.912                  0.915
39    38      0.09810          9.48e-02             0.911                  0.913
40    39      0.10000          9.71e-02             0.909                  0.911
41    40      0.10300          9.93e-02             0.907                  0.910
42    41      0.10400          1.00e-01             0.906                  0.909
43    42      0.10500          1.01e-01             0.905                  0.908
44    43      0.10700          1.03e-01             0.903                  0.907
45    44      0.10700          1.03e-01             0.903                  0.907
46    45      0.10700          1.03e-01             0.903                  0.907
47    46      0.11100          1.06e-01             0.900                  0.904
48    47      0.11100          1.06e-01             0.900                  0.904
49    48      0.11300          1.08e-01             0.898                  0.903
50    49      0.11400          1.08e-01             0.898                  0.903
51    50      0.11600          1.11e-01             0.896                  0.900
52    51      0.12100          1.15e-01             0.892                  0.897
53    52      0.12200          1.16e-01             0.891                  0.896
54    53      0.12300          1.16e-01             0.890                  0.896
55    54      0.12500          1.19e-01             0.889                  0.894
56    55      0.12700          1.20e-01             0.887                  0.893
57    56      0.13100          1.24e-01             0.884                  0.890
58    57      0.13300          1.26e-01             0.883                  0.888
59    58      0.13400          1.27e-01             0.882                  0.887
60    59      0.13800          1.30e-01             0.879                  0.885
61    60      0.14100          1.33e-01             0.876                  0.883
62    61      0.14500          1.37e-01             0.873                  0.880
63    62      0.14700          1.39e-01             0.872                  0.878
64    63      0.14800          1.40e-01             0.871                  0.877
65    64      0.14900          1.40e-01             0.870                  0.877
66    65      0.15100          1.42e-01             0.869                  0.876
67    66      0.15600          1.46e-01             0.865                  0.873
68    67      0.15700          1.48e-01             0.864                  0.871
69    68      0.16100          1.51e-01             0.861                  0.869
70    69      0.16600          1.55e-01             0.858                  0.866
71    70      0.16600          1.56e-01             0.858                  0.865
72    71      0.16700          1.56e-01             0.857                  0.865
73    72      0.17100          1.60e-01             0.854                  0.862
74    73      0.17400          1.63e-01             0.852                  0.860
75    74      0.17900          1.67e-01             0.848                  0.857
76    75      0.17900          1.67e-01             0.848                  0.857
77    76      0.18300          1.71e-01             0.845                  0.854
78    77      0.18400          1.71e-01             0.845                  0.854
79    78      0.18600          1.73e-01             0.843                  0.853
80    79      0.18700          1.74e-01             0.842                  0.852
81    80      0.18900          1.75e-01             0.841                  0.851
82    81      0.19100          1.77e-01             0.840                  0.850
83    82      0.19200          1.78e-01             0.839                  0.849
84    83      0.19300          1.78e-01             0.838                  0.849
85    84      0.19600          1.81e-01             0.836                  0.847
86    85      0.20000          1.85e-01             0.833                  0.844
87    86      0.20200          1.86e-01             0.832                  0.843
88    87      0.20600          1.89e-01             0.829                  0.841
89    88      0.20800          1.91e-01             0.828                  0.840
90    89      0.20900          1.92e-01             0.827                  0.839
91    90      0.21000          1.93e-01             0.826                  0.838
92    91      0.21300          1.95e-01             0.824                  0.837
93    92      0.21300          1.95e-01             0.824                  0.837
94    93      0.21500          1.97e-01             0.823                  0.835
95    94      0.21800          1.99e-01             0.821                  0.834
96    95      0.21900          2.00e-01             0.820                  0.833
97    96      0.21900          2.00e-01             0.820                  0.833
98    97      0.22300          2.04e-01             0.818                  0.831
99    98      0.22400          2.04e-01             0.817                  0.831
100   99      0.22700          2.07e-01             0.815                  0.829
101  100      0.22900          2.08e-01             0.814                  0.828
102  101      0.23300          2.11e-01             0.811                  0.826
103  102      0.23300          2.11e-01             0.811                  0.826
104  103      0.23400          2.12e-01             0.810                  0.825
105  104      0.23500          2.13e-01             0.810                  0.824
106  105      0.23700          2.14e-01             0.808                  0.824
107  106      0.23800          2.15e-01             0.808                  0.823
108  107      0.24100          2.17e-01             0.806                  0.822
109  108      0.24300          2.19e-01             0.805                  0.820
110  109      0.24800          2.23e-01             0.801                  0.818
111  110      0.25000          2.25e-01             0.800                  0.816
112  111      0.25000          2.25e-01             0.800                  0.816
113  112      0.25100          2.26e-01             0.799                  0.816
114  113      0.25200          2.26e-01             0.799                  0.816
115  114      0.25400          2.28e-01             0.797                  0.814
116  115      0.25900          2.32e-01             0.794                  0.812
117  116      0.25900          2.32e-01             0.794                  0.812
118  117      0.26300          2.35e-01             0.792                  0.810
119  118      0.26500          2.37e-01             0.791                  0.808
120  119      0.26600          2.37e-01             0.790                  0.808
121  120      0.26800          2.39e-01             0.789                  0.807
122  121      0.27000          2.41e-01             0.787                  0.806
123  122      0.27200          2.42e-01             0.786                  0.805
124  123      0.27200          2.42e-01             0.786                  0.805
125  124      0.27200          2.42e-01             0.786                  0.805
126  125      0.27500          2.44e-01             0.784                  0.804
127  126      0.27800          2.48e-01             0.782                  0.801
128  127      0.28300          2.52e-01             0.779                  0.799
129  128      0.28600          2.54e-01             0.778                  0.797
130  129      0.28800          2.56e-01             0.776                  0.796
131  130      0.28900          2.56e-01             0.776                  0.796
132  131      0.29200          2.58e-01             0.774                  0.795
133  132      0.29500          2.61e-01             0.772                  0.793
134  133      0.29600          2.62e-01             0.772                  0.792
135  134      0.29800          2.64e-01             0.770                  0.791
136  135      0.30100          2.66e-01             0.769                  0.790
137  136      0.30300          2.68e-01             0.767                  0.789
138  137      0.30500          2.70e-01             0.766                  0.787
139  138      0.30500          2.70e-01             0.766                  0.787
140  139      0.30800          2.72e-01             0.765                  0.786
141  140      0.30800          2.72e-01             0.765                  0.786
142  141      0.31000          2.74e-01             0.763                  0.785
143  142      0.31100          2.74e-01             0.763                  0.785
144  143      0.31200          2.74e-01             0.762                  0.785
145  144      0.31200          2.74e-01             0.762                  0.785
146  145      0.31300          2.75e-01             0.762                  0.784
147  146      0.31400          2.75e-01             0.761                  0.784
148  147      0.31400          2.75e-01             0.761                  0.784
149  148      0.31600          2.77e-01             0.760                  0.783
150  149      0.31900          2.79e-01             0.758                  0.782
151  150      0.31900          2.79e-01             0.758                  0.782
152  151      0.32300          2.82e-01             0.756                  0.780
153  152      0.32600          2.84e-01             0.754                  0.779
154  153      0.32600          2.84e-01             0.754                  0.779
155  154      0.32800          2.86e-01             0.753                  0.778
156  155      0.32900          2.86e-01             0.752                  0.778
157  156      0.33100          2.88e-01             0.751                  0.776
158  157      0.33400          2.90e-01             0.750                  0.775
159  158      0.33800          2.93e-01             0.747                  0.773
160  159      0.34100          2.96e-01             0.746                  0.772
161  160      0.34500          2.99e-01             0.743                  0.770
162  161      0.34500          2.99e-01             0.743                  0.770
163  162      0.34500          2.99e-01             0.743                  0.770
164  163      0.34700          3.00e-01             0.742                  0.769
165  164      0.35200          3.04e-01             0.740                  0.767
166  165      0.35200          3.04e-01             0.740                  0.767
167  166      0.35200          3.04e-01             0.740                  0.767
168  167      0.35300          3.04e-01             0.739                  0.767
169  168      0.35400          3.04e-01             0.739                  0.767
170  169      0.35600          3.06e-01             0.737                  0.766
171  170      0.36000          3.09e-01             0.735                  0.764
172  171      0.36200          3.11e-01             0.734                  0.763
173  172      0.36200          3.11e-01             0.734                  0.763
174  173      0.36300          3.10e-01             0.734                  0.763
175  174      0.36300          3.10e-01             0.734                  0.763
176  175      0.36400          3.10e-01             0.733                  0.763
177  176      0.36500          3.12e-01             0.733                  0.762
178  177      0.36600          3.11e-01             0.732                  0.763
179  178      0.36800          3.13e-01             0.731                  0.762
180  179      0.37000          3.14e-01             0.730                  0.761
181  180      0.37000          3.14e-01             0.730                  0.761
182  181      0.37100          3.15e-01             0.729                  0.760
183  182      0.37100          3.15e-01             0.729                  0.760
184  183      0.37100          3.14e-01             0.729                  0.761
185  184      0.37300          3.16e-01             0.728                  0.760
186  185      0.37300          3.16e-01             0.728                  0.760
187  186      0.37400          3.16e-01             0.728                  0.760
188  187      0.37400          3.15e-01             0.728                  0.760
189  188      0.37700          3.17e-01             0.726                  0.759
190  189      0.37800          3.18e-01             0.726                  0.759
191  190      0.38000          3.20e-01             0.725                  0.758
192  191      0.38300          3.23e-01             0.723                  0.756
193  192      0.38700          3.25e-01             0.721                  0.755
194  193      0.39000          3.28e-01             0.719                  0.753
195  194      0.39200          3.30e-01             0.718                  0.752
196  195      0.39600          3.33e-01             0.716                  0.750
197  196      0.39600          3.33e-01             0.716                  0.750
198  197      0.39700          3.32e-01             0.716                  0.751
199  198      0.39800          3.33e-01             0.715                  0.750
200  199      0.40100          3.36e-01             0.714                  0.749
 [ reached 'max' / getOption("max.print") -- omitted 201 rows ]
