   Step DB_Index_Avg DB_Index_Centroid Norm_DB_Index_Avg Norm_DB_Index_Centroid
1     0       0.0000         4.440e-16             1.000                  1.000
2     1       0.0279         2.720e-02             0.973                  0.974
3     2       0.0553         5.140e-02             0.948                  0.951
4     3       0.8580         4.950e-01             0.538                  0.669
5     4       0.7910         4.850e-01             0.558                  0.673
6     5       1.5340         8.150e-01             0.395                  0.551
7     6       1.6780         9.690e-01             0.373                  0.508
8     7       1.9430         1.039e+00             0.340                  0.490
9     8       1.9280         1.031e+00             0.342                  0.492
10    9       1.8080         9.900e-01             0.356                  0.503
11   10       1.9500         1.081e+00             0.339                  0.481
12   11       1.8160         9.980e-01             0.355                  0.501
13   12       1.9230         1.101e+00             0.342                  0.476
14   13       2.0820         1.076e+00             0.324                  0.482
15   14       2.0820         1.106e+00             0.324                  0.475
16   15       1.8390         1.041e+00             0.352                  0.490
17   16       1.9990         1.138e+00             0.333                  0.468
18   17       2.0150         1.085e+00             0.332                  0.480
19   18       1.8870         1.092e+00             0.346                  0.478
20   19       2.0210         1.154e+00             0.331                  0.464
21   20       1.9510         1.116e+00             0.339                  0.473
22   21       1.9670         1.098e+00             0.337                  0.477
23   22       2.0630         1.160e+00             0.326                  0.463
24   23       1.8510         1.061e+00             0.351                  0.485
25   24       1.9720         1.123e+00             0.336                  0.471
26   25       1.8240         1.075e+00             0.354                  0.482
27   26       1.9190         1.095e+00             0.343                  0.477
28   27       1.9180         1.081e+00             0.343                  0.481
29   28       1.9300         1.113e+00             0.341                  0.473
30   29       1.9270         1.079e+00             0.342                  0.481
31   30       2.0130         1.128e+00             0.332                  0.470
32   31       2.0060         1.118e+00             0.333                  0.472
33   32       1.9490         1.117e+00             0.339                  0.472
34   33       1.9240         1.100e+00             0.342                  0.476
35   34       1.9420         1.119e+00             0.340                  0.472
36   35       1.9600         1.073e+00             0.338                  0.482
37   36       1.9090         1.109e+00             0.344                  0.474
38   37       1.8840         1.057e+00             0.347                  0.486
39   38       1.9370         1.103e+00             0.340                  0.476
40   39       1.8800         1.065e+00             0.347                  0.484
41   40       1.9290         1.076e+00             0.341                  0.482
42   41       1.9170         1.059e+00             0.343                  0.486
43   42       1.9530         1.109e+00             0.339                  0.474
44   43       1.9540         1.097e+00             0.339                  0.477
45   44       1.9720         1.101e+00             0.336                  0.476
46   45       2.0540         1.135e+00             0.327                  0.468
47   46       1.9560         1.106e+00             0.338                  0.475
48   47       2.0280         1.146e+00             0.330                  0.466
49   48       2.0770         1.159e+00             0.325                  0.463
50   49       2.0230         1.102e+00             0.331                  0.476
51   50       2.0330         1.149e+00             0.330                  0.465
52   51       2.0040         1.127e+00             0.333                  0.470
53   52       2.0410         1.134e+00             0.329                  0.469
54   53       1.9830         1.128e+00             0.335                  0.470
55   54       2.1790         1.166e+00             0.315                  0.462
56   55       1.9540         1.113e+00             0.339                  0.473
57   56       2.0370         1.141e+00             0.329                  0.467
58   57       2.0020         1.136e+00             0.333                  0.468
59   58       2.1510         1.157e+00             0.317                  0.464
60   59       1.9920         1.122e+00             0.334                  0.471
61   60       2.1070         1.142e+00             0.322                  0.467
62   61       2.0510         1.143e+00             0.328                  0.467
63   62       2.1010         1.164e+00             0.322                  0.462
64   63       2.1010         1.151e+00             0.322                  0.465
65   64       2.0840         1.155e+00             0.324                  0.464
66   65       2.1600         1.145e+00             0.316                  0.466
67   66       2.1470         1.169e+00             0.318                  0.461
68   67       2.1080         1.144e+00             0.322                  0.466
69   68       2.0450         1.154e+00             0.328                  0.464
70   69       1.9870         1.096e+00             0.335                  0.477
71   70       2.0790         1.143e+00             0.325                  0.467
72   71       2.0400         1.149e+00             0.329                  0.465
73   72       2.1690         1.154e+00             0.316                  0.464
74   73       2.0670         1.142e+00             0.326                  0.467
75   74       2.1050         1.141e+00             0.322                  0.467
76   75       2.0600         1.143e+00             0.327                  0.467
77   76       2.1340         1.166e+00             0.319                  0.462
78   77       1.9980         1.105e+00             0.334                  0.475
79   78       2.0560         1.131e+00             0.327                  0.469
80   79       1.9960         1.105e+00             0.334                  0.475
81   80       2.0240         1.122e+00             0.331                  0.471
