    Step DB_Index_Avg DB_Index_Centroid Norm_DB_Index_Avg Norm_DB_Index_Centroid
1      0       0.0000         4.440e-16             1.000                  1.000
2      1       0.0223         2.180e-02             0.978                  0.979
3      2       0.0441         4.150e-02             0.958                  0.960
4      3       0.0669         6.370e-02             0.937                  0.940
5      4       0.0898         8.420e-02             0.918                  0.922
6      5       0.1110         1.040e-01             0.900                  0.906
7      6       0.1290         1.200e-01             0.886                  0.893
8      7       0.1550         1.420e-01             0.866                  0.876
9      8       0.1750         1.600e-01             0.851                  0.862
10     9       0.2000         1.820e-01             0.833                  0.846
11    10       0.2210         2.000e-01             0.819                  0.833
12    11       0.2430         2.190e-01             0.805                  0.820
13    12       0.2480         2.210e-01             0.801                  0.819
14    13       0.2980         2.670e-01             0.770                  0.789
15    14       0.2820         2.490e-01             0.780                  0.801
16    15       0.3450         3.070e-01             0.743                  0.765
17    16       0.3100         2.680e-01             0.763                  0.789
18    17       0.3970         3.520e-01             0.716                  0.740
19    18       0.3460         3.000e-01             0.743                  0.769
20    19       0.3590         3.110e-01             0.736                  0.763
21    20       0.4690         4.110e-01             0.681                  0.709
22    21       0.4890         4.270e-01             0.672                  0.701
23    22       0.5230         4.560e-01             0.657                  0.687
24    23       0.5100         4.410e-01             0.662                  0.694
25    24       0.4230         3.540e-01             0.703                  0.739
26    25       0.4400         3.650e-01             0.694                  0.733
27    26       0.6300         5.430e-01             0.613                  0.648
28    27       0.4420         3.640e-01             0.693                  0.733
29    28       0.4600         3.760e-01             0.685                  0.727
30    29       0.4670         3.820e-01             0.682                  0.724
31    30       0.4910         4.000e-01             0.671                  0.714
32    31       0.5030         4.070e-01             0.665                  0.711
33    32       0.5090         4.100e-01             0.663                  0.709
34    33       0.5160         4.150e-01             0.660                  0.707
35    34       0.5290         4.230e-01             0.654                  0.703
36    35       0.5340         4.260e-01             0.652                  0.701
37    36       0.5450         4.330e-01             0.647                  0.698
38    37       0.5580         4.400e-01             0.642                  0.694
39    38       0.5640         4.440e-01             0.639                  0.693
40    39       0.5760         4.510e-01             0.635                  0.689
41    40       0.5850         4.570e-01             0.631                  0.686
42    41       0.5920         4.600e-01             0.628                  0.685
43    42       0.5960         4.630e-01             0.627                  0.684
44    43       0.6080         4.710e-01             0.622                  0.680
45    44       0.6120         4.720e-01             0.620                  0.679
46    45       0.6200         4.770e-01             0.617                  0.677
47    46       0.6290         4.810e-01             0.614                  0.675
48    47       0.6340         4.840e-01             0.612                  0.674
49    48       0.6450         4.910e-01             0.608                  0.671
50    49       0.6470         4.900e-01             0.607                  0.671
51    50       0.6590         4.980e-01             0.603                  0.668
52    51       0.6710         5.040e-01             0.598                  0.665
53    52       0.6730         5.050e-01             0.598                  0.664
54    53       0.6810         5.090e-01             0.595                  0.663
55    54       0.6840         5.100e-01             0.594                  0.662
56    55       0.6940         5.160e-01             0.590                  0.660
57    56       0.6920         5.130e-01             0.591                  0.661
58    57       0.7030         5.190e-01             0.587                  0.658
59    58       0.7040         5.190e-01             0.587                  0.658
60    59       0.7120         5.230e-01             0.584                  0.657
61    60       0.7160         5.250e-01             0.583                  0.656
62    61       0.7160         5.250e-01             0.583                  0.656
63    62       0.7240         5.290e-01             0.580                  0.654
64    63       0.7310         5.320e-01             0.578                  0.653
65    64       0.7310         5.320e-01             0.578                  0.653
66    65       0.7380         5.350e-01             0.575                  0.651
67    66       0.7410         5.360e-01             0.574                  0.651
68    67       0.7430         5.370e-01             0.574                  0.651
69    68       0.7490         5.400e-01             0.572                  0.649
70    69       0.7510         5.400e-01             0.571                  0.649
71    70       0.7550         5.420e-01             0.570                  0.649
72    71       0.7570         5.430e-01             0.569                  0.648
73    72       0.7600         5.440e-01             0.568                  0.648
74    73       0.7640         5.450e-01             0.567                  0.647
75    74       0.7680         5.480e-01             0.566                  0.646
76    75       0.7670         5.470e-01             0.566                  0.646
77    76       0.7720         5.490e-01             0.564                  0.646
78    77       0.7710         5.480e-01             0.565                  0.646
79    78       0.7830         5.550e-01             0.561                  0.643
80    79       0.7880         5.580e-01             0.559                  0.642
81    80       0.7900         5.590e-01             0.559                  0.641
82    81       0.7940         5.610e-01             0.557                  0.641
83    82       0.7950         5.620e-01             0.557                  0.640
84    83       0.7970         5.620e-01             0.556                  0.640
85    84       0.7890         5.570e-01             0.559                  0.642
86    85       0.8010         5.640e-01             0.555                  0.639
87    86       0.7940         5.590e-01             0.557                  0.641
88    87       0.8060         5.670e-01             0.554                  0.638
89    88       0.8060         5.670e-01             0.554                  0.638
90    89       0.7980         5.620e-01             0.556                  0.640
91    90       4.6650         3.283e+00             0.177                  0.233
92    91       0.8120         5.710e-01             0.552                  0.637
93    92       5.3230         3.732e+00             0.158                  0.211
94    93       0.8130         5.720e-01             0.552                  0.636
95    94       0.8140         5.720e-01             0.551                  0.636
96    95       5.9610         4.168e+00             0.144                  0.193
97    96       6.1150         4.275e+00             0.141                  0.190
98    97       6.5620         4.587e+00             0.132                  0.179
99    98       7.0140         4.907e+00             0.125                  0.169
100   99       7.0240         4.918e+00             0.125                  0.169
101  100       6.7190         4.709e+00             0.130                  0.175
