    Step DB_Index_Avg DB_Index_Centroid Norm_DB_Index_Avg Norm_DB_Index_Centroid
1      0       0.0000         4.440e-16             1.000                  1.000
2      1       0.0219         2.150e-02             0.979                  0.979
3      2       0.0448         4.390e-02             0.957                  0.958
4      3       0.7540         4.350e-01             0.570                  0.697
5      4       0.7760         4.760e-01             0.563                  0.678
6      5       1.7310         9.440e-01             0.366                  0.514
7      6       1.8880         1.090e+00             0.346                  0.478
8      7       1.5290         8.820e-01             0.395                  0.531
9      8       2.0520         1.167e+00             0.328                  0.461
10     9       1.6710         9.500e-01             0.374                  0.513
11    10       1.7320         1.012e+00             0.366                  0.497
12    11       1.5940         9.430e-01             0.386                  0.515
13    12       2.0370         1.139e+00             0.329                  0.468
14    13       1.7790         1.008e+00             0.360                  0.498
15    14       1.8090         1.048e+00             0.356                  0.488
16    15       1.7310         1.006e+00             0.366                  0.499
17    16       2.0850         1.114e+00             0.324                  0.473
18    17       1.8280         1.049e+00             0.354                  0.488
19    18       1.9170         1.088e+00             0.343                  0.479
20    19       1.8870         1.051e+00             0.346                  0.488
21    20       2.0510         1.132e+00             0.328                  0.469
22    21       2.0030         1.105e+00             0.333                  0.475
23    22       2.0670         1.162e+00             0.326                  0.463
24    23       2.0260         1.094e+00             0.330                  0.478
25    24       2.1750         1.190e+00             0.315                  0.457
26    25       2.0280         1.126e+00             0.330                  0.470
27    26       2.0860         1.142e+00             0.324                  0.467
28    27       1.9750         1.091e+00             0.336                  0.478
29    28       1.9950         1.136e+00             0.334                  0.468
30    29       2.0700         1.130e+00             0.326                  0.469
31    30       2.1830         1.179e+00             0.314                  0.459
32    31       2.0800         1.133e+00             0.325                  0.469
33    32       2.1360         1.161e+00             0.319                  0.463
34    33       2.0490         1.134e+00             0.328                  0.469
35    34       2.0850         1.153e+00             0.324                  0.464
36    35       2.1220         1.159e+00             0.320                  0.463
37    36       2.2560         1.197e+00             0.307                  0.455
38    37       2.1260         1.174e+00             0.320                  0.460
39    38       2.1300         1.203e+00             0.319                  0.454
40    39       2.0280         1.155e+00             0.330                  0.464
41    40       2.2360         1.213e+00             0.309                  0.452
42    41       2.1430         1.152e+00             0.318                  0.465
43    42       2.2510         1.207e+00             0.308                  0.453
44    43       2.0630         1.149e+00             0.326                  0.465
45    44       2.0650         1.173e+00             0.326                  0.460
46    45       2.1530         1.182e+00             0.317                  0.458
47    46       2.0900         1.175e+00             0.324                  0.460
48    47       2.1690         1.174e+00             0.316                  0.460
49    48       2.0560         1.167e+00             0.327                  0.461
50    49       2.0990         1.159e+00             0.323                  0.463
51    50       2.1570         1.178e+00             0.317                  0.459
52    51       2.1530         1.191e+00             0.317                  0.456
53    52       2.0740         1.161e+00             0.325                  0.463
54    53       2.1170         1.158e+00             0.321                  0.463
55    54       2.1960         1.192e+00             0.313                  0.456
56    55       2.0420         1.127e+00             0.329                  0.470
57    56       2.2000         1.184e+00             0.312                  0.458
58    57       2.1650         1.173e+00             0.316                  0.460
59    58       2.1430         1.174e+00             0.318                  0.460
60    59       2.0580         1.133e+00             0.327                  0.469
61    60       2.1890         1.195e+00             0.314                  0.456
62    61       2.0910         1.169e+00             0.324                  0.461
63    62       2.1890         1.195e+00             0.314                  0.456
64    63       2.0860         1.155e+00             0.324                  0.464
65    64       2.1210         1.207e+00             0.320                  0.453
66    65       2.0840         1.172e+00             0.324                  0.460
67    66       2.2010         1.191e+00             0.312                  0.456
68    67       2.1220         1.176e+00             0.320                  0.460
69    68       2.0400         1.174e+00             0.329                  0.460
70    69       2.2130         1.190e+00             0.311                  0.457
71    70       2.1660         1.202e+00             0.316                  0.454
72    71       2.1130         1.173e+00             0.321                  0.460
73    72       2.1490         1.182e+00             0.318                  0.458
74    73       2.1170         1.163e+00             0.321                  0.462
75    74       2.0930         1.170e+00             0.323                  0.461
76    75       2.0860         1.151e+00             0.324                  0.465
77    76       2.2050         1.204e+00             0.312                  0.454
78    77       2.0870         1.158e+00             0.324                  0.463
79    78       2.1900         1.195e+00             0.313                  0.456
80    79       2.1110         1.173e+00             0.321                  0.460
81    80       2.1510         1.174e+00             0.317                  0.460
82    81       2.1630         1.186e+00             0.316                  0.457
83    82       2.1810         1.184e+00             0.314                  0.458
84    83       2.1270         1.176e+00             0.320                  0.460
85    84       2.2030         1.198e+00             0.312                  0.455
86    85       2.1830         1.185e+00             0.314                  0.458
87    86       2.2110         1.203e+00             0.311                  0.454
88    87       2.1760         1.184e+00             0.315                  0.458
89    88       2.2080         1.213e+00             0.312                  0.452
90    89       2.0760         1.152e+00             0.325                  0.465
91    90       2.1580         1.196e+00             0.317                  0.455
92    91       2.1590         1.201e+00             0.317                  0.454
93    92       2.0870         1.157e+00             0.324                  0.464
94    93       2.0720         1.153e+00             0.326                  0.464
95    94       2.1320         1.175e+00             0.319                  0.460
96    95       2.1320         1.165e+00             0.319                  0.462
97    96       2.1060         1.190e+00             0.322                  0.457
98    97       2.0880         1.161e+00             0.324                  0.463
99    98       2.1660         1.187e+00             0.316                  0.457
100   99       2.1730         1.180e+00             0.315                  0.459
101  100       2.1550         1.193e+00             0.317                  0.456
