   Step DB_Index_Avg DB_Index_Centroid Norm_DB_Index_Avg Norm_DB_Index_Centroid
1     0        0.000            0.0000             1.000                  1.000
2     1        0.101            0.0842             0.908                  0.922
3     2        0.283            0.2140             0.779                  0.824
4     3        1.175            0.6420             0.460                  0.609
5     4        1.080            0.6580             0.481                  0.603
6     5        1.416            0.7640             0.414                  0.567
7     6        1.384            0.7670             0.419                  0.566
8     7        1.342            0.7080             0.427                  0.585
9     8        1.181            0.6690             0.459                  0.599
10    9        1.093            0.5870             0.478                  0.630
11   10        1.232            0.6160             0.448                  0.619
